0.30005904	0.00548605
0.30035924	0.00548599
0.30065975	0.00548593
0.30096056	0.00548587
0.30126168	0.00548580
0.30156309	0.00548574
0.30186480	0.00548568
0.30216682	0.00548562
0.30246914	0.00548555
0.30277176	0.00548549
0.30307468	0.00548543
0.30337791	0.00548537
0.30368143	0.00548530
0.30398527	0.00548524
0.30428941	0.00548518
0.30459385	0.00548512
0.30489859	0.00548505
0.30520364	0.00548499
0.30550900	0.00548493
0.30581466	0.00548486
0.30612063	0.00548480
0.30642690	0.00548474
0.30673348	0.00548468
0.30704037	0.00548461
0.30734756	0.00548455
0.30765507	0.00548449
0.30796288	0.00548442
0.30827099	0.00548436
0.30857942	0.00548430
0.30888815	0.00548423
0.30919719	0.00548417
0.30950655	0.00548411
0.30981621	0.00548404
0.31012618	0.00548398
0.31043646	0.00548392
0.31074705	0.00548385
0.31105795	0.00548379
0.31136917	0.00548373
0.31168069	0.00548366
0.31199253	0.00548360
0.31230468	0.00548354
0.31261714	0.00548347
0.31292991	0.00548341
0.31324300	0.00548335
0.31355640	0.00548328
0.31387011	0.00548322
0.31418414	0.00548315
0.31449848	0.00548309
0.31481314	0.00548303
0.31512811	0.00548296
0.31544339	0.00548290
0.31575899	0.00548283
0.31607491	0.00548277
0.31639114	0.00548271
0.31670769	0.00548264
0.31702456	0.00548258
0.31734174	0.00548251
0.31765924	0.00548245
0.31797706	0.00548239
0.31829520	0.00548232
0.31861365	0.00548226
0.31893242	0.00548219
0.31925152	0.00548213
0.31957093	0.00548207
0.31989066	0.00548200
0.32021071	0.00548194
0.32053108	0.00548187
0.32085177	0.00548181
0.32117278	0.00548174
0.32149412	0.00548168
0.32181577	0.00548161
0.32213775	0.00548155
0.32246005	0.00548148
0.32278267	0.00548142
0.32310561	0.00548136
0.32342888	0.00548129
0.32375247	0.00548123
0.32407638	0.00548116
0.32440062	0.00548110
0.32472519	0.00548103
0.32505007	0.00548097
0.32537529	0.00548090
0.32570082	0.00548084
0.32602669	0.00548077
0.32635288	0.00548071
0.32667939	0.00548064
0.32700624	0.00548058
0.32733341	0.00548051
0.32766090	0.00548045
0.32798873	0.00548038
0.32831688	0.00548031
0.32864536	0.00548025
0.32897417	0.00548018
0.32930331	0.00548012
0.32963278	0.00548005
0.32996258	0.00547999
0.33029270	0.00547992
0.33062316	0.00547986
0.33095395	0.00547979
0.33128507	0.00547973
0.33161652	0.00547966
0.33194830	0.00547959
0.33228042	0.00547953
0.33261286	0.00547946
0.33294564	0.00547940
0.33327875	0.00547933
0.33361220	0.00547927
0.33394598	0.00547920
0.33428009	0.00547913
0.33461454	0.00547907
0.33494932	0.00547900
0.33528444	0.00547894
0.33561989	0.00547887
0.33595568	0.00547880
0.33629180	0.00547874
0.33662826	0.00547867
0.33696506	0.00547860
0.33730219	0.00547854
0.33763966	0.00547847
0.33797747	0.00547841
0.33831562	0.00547834
0.33865410	0.00547827
0.33899293	0.00547821
0.33933209	0.00547814
0.33967159	0.00547807
0.34001143	0.00547801
0.34035161	0.00547794
0.34069214	0.00547787
0.34103300	0.00547781
0.34137420	0.00547774
0.34171575	0.00547767
0.34205763	0.00547761
0.34239986	0.00547754
0.34274243	0.00547747
0.34308535	0.00547741
0.34342860	0.00547734
0.34377220	0.00547727
0.34411615	0.00547720
0.34446044	0.00547714
0.34480507	0.00547707
0.34515005	0.00547700
0.34549537	0.00547694
0.34584104	0.00547687
0.34618705	0.00547680
0.34653341	0.00547673
0.34688012	0.00547667
0.34722717	0.00547660
0.34757457	0.00547653
0.34792232	0.00547646
0.34827042	0.00547640
0.34861886	0.00547633
0.34896766	0.00547626
0.34931680	0.00547619
0.34966629	0.00547613
0.35001613	0.00547606
0.35036632	0.00547599
0.35071686	0.00547592
0.35106776	0.00547586
0.35141900	0.00547579
0.35177059	0.00547572
0.35212254	0.00547565
0.35247484	0.00547558
0.35282749	0.00547552
0.35318049	0.00547545
0.35353385	0.00547538
0.35388756	0.00547531
0.35424163	0.00547524
0.35459605	0.00547518
0.35495082	0.00547511
0.35530595	0.00547504
0.35566143	0.00547497
0.35601727	0.00547490
0.35637347	0.00547483
0.35673002	0.00547477
0.35708693	0.00547470
0.35744419	0.00547463
0.35780181	0.00547456
0.35815979	0.00547449
0.35851813	0.00547442
0.35887683	0.00547435
0.35923589	0.00547428
0.35959530	0.00547422
0.35995508	0.00547415
0.36031521	0.00547408
0.36067571	0.00547401
0.36103656	0.00547394
0.36139778	0.00547387
0.36175936	0.00547380
0.36212130	0.00547373
0.36248360	0.00547366
0.36284627	0.00547360
0.36320930	0.00547353
0.36357269	0.00547346
0.36393644	0.00547339
0.36430056	0.00547332
0.36466504	0.00547325
0.36502989	0.00547318
0.36539510	0.00547311
0.36576068	0.00547304
0.36612662	0.00547297
0.36649293	0.00547290
0.36685961	0.00547283
0.36722665	0.00547276
0.36759406	0.00547269
0.36796184	0.00547262
0.36832999	0.00547255
0.36869850	0.00547248
0.36906738	0.00547241
0.36943664	0.00547234
0.36980626	0.00547227
0.37017625	0.00547220
0.37054661	0.00547213
0.37091734	0.00547206
0.37128845	0.00547199
0.37165992	0.00547192
0.37203177	0.00547185
0.37240398	0.00547178
0.37277657	0.00547171
0.37314954	0.00547164
0.37352287	0.00547157
0.37389658	0.00547150
0.37427067	0.00547143
0.37464512	0.00547136
0.37501996	0.00547129
0.37539516	0.00547122
0.37577075	0.00547115
0.37614671	0.00547108
0.37652304	0.00547101
0.37689975	0.00547094
0.37727684	0.00547087
0.37765431	0.00547079
0.37803215	0.00547072
0.37841037	0.00547065
0.37878897	0.00547058
0.37916795	0.00547051
0.37954731	0.00547044
0.37992704	0.00547037
0.38030716	0.00547030
0.38068766	0.00547023
0.38106853	0.00547015
0.38144979	0.00547008
0.38183143	0.00547001
0.38221346	0.00546994
0.38259586	0.00546987
0.38297865	0.00546980
0.38336182	0.00546973
0.38374537	0.00546965
0.38412931	0.00546958
0.38451363	0.00546951
0.38489834	0.00546944
0.38528343	0.00546937
0.38566890	0.00546930
0.38605477	0.00546922
0.38644101	0.00546915
0.38682765	0.00546908
0.38721467	0.00546901
0.38760208	0.00546894
0.38798987	0.00546886
0.38837806	0.00546879
0.38876663	0.00546872
0.38915559	0.00546865
0.38954494	0.00546858
0.38993468	0.00546850
0.39032481	0.00546843
0.39071533	0.00546836
0.39110624	0.00546829
0.39149754	0.00546821
0.39188924	0.00546814
0.39228132	0.00546807
0.39267380	0.00546800
0.39306667	0.00546792
0.39345993	0.00546785
0.39385359	0.00546778
0.39424764	0.00546771
0.39464209	0.00546763
0.39503692	0.00546756
0.39543216	0.00546749
0.39582779	0.00546741
0.39622381	0.00546734
0.39662024	0.00546727
0.39701706	0.00546719
0.39741427	0.00546712
0.39781188	0.00546705
0.39820990	0.00546697
0.39860830	0.00546690
0.39900711	0.00546683
0.39940632	0.00546675
0.39980592	0.00546668
0.40020593	0.00546661
0.40060634	0.00546653
0.40100714	0.00546646
0.40140835	0.00546639
0.40180996	0.00546631
0.40221197	0.00546624
0.40261438	0.00546617
0.40301720	0.00546609
0.40342042	0.00546602
0.40382404	0.00546594
0.40422807	0.00546587
0.40463250	0.00546580
0.40503733	0.00546572
0.40544257	0.00546565
0.40584822	0.00546557
0.40625427	0.00546550
0.40666073	0.00546543
0.40706759	0.00546535
0.40747486	0.00546528
0.40788254	0.00546520
0.40829063	0.00546513
0.40869912	0.00546505
0.40910802	0.00546498
0.40951734	0.00546491
0.40992706	0.00546483
0.41033719	0.00546476
0.41074773	0.00546468
0.41115869	0.00546461
0.41157005	0.00546453
0.41198183	0.00546446
0.41239402	0.00546438
0.41280662	0.00546431
0.41321963	0.00546423
0.41363306	0.00546416
0.41404690	0.00546408
0.41446115	0.00546401
0.41487582	0.00546393
0.41529090	0.00546386
0.41570640	0.00546378
0.41612231	0.00546371
0.41653864	0.00546363
0.41695539	0.00546356
0.41737256	0.00546348
0.41779014	0.00546340
0.41820814	0.00546333
0.41862655	0.00546325
0.41904539	0.00546318
0.41946464	0.00546310
0.41988432	0.00546303
0.42030441	0.00546295
0.42072493	0.00546287
0.42114586	0.00546280
0.42156722	0.00546272
0.42198900	0.00546265
0.42241120	0.00546257
0.42283382	0.00546249
0.42325687	0.00546242
0.42368033	0.00546234
0.42410423	0.00546227
0.42452854	0.00546219
0.42495328	0.00546211
0.42537845	0.00546204
0.42580404	0.00546196
0.42623006	0.00546188
0.42665650	0.00546181
0.42708337	0.00546173
0.42751067	0.00546165
0.42793839	0.00546158
0.42836654	0.00546150
0.42879512	0.00546142
0.42922413	0.00546135
0.42965357	0.00546127
0.43008344	0.00546119
0.43051374	0.00546112
0.43094447	0.00546104
0.43137563	0.00546096
0.43180722	0.00546088
0.43223924	0.00546081
0.43267170	0.00546073
0.43310459	0.00546065
0.43353791	0.00546058
0.43397166	0.00546050
0.43440585	0.00546042
0.43484048	0.00546034
0.43527553	0.00546027
0.43571103	0.00546019
0.43614696	0.00546011
0.43658332	0.00546003
0.43702012	0.00545995
0.43745736	0.00545988
0.43789504	0.00545980
0.43833315	0.00545972
0.43877170	0.00545964
0.43921069	0.00545957
0.43965013	0.00545949
0.44009000	0.00545941
0.44053031	0.00545933
0.44097106	0.00545925
0.44141225	0.00545917
0.44185388	0.00545910
0.44229596	0.00545902
0.44273847	0.00545894
0.44318143	0.00545886
0.44362484	0.00545878
0.44406868	0.00545870
0.44451297	0.00545863
0.44495771	0.00545855
0.44540289	0.00545847
0.44584851	0.00545839
0.44629459	0.00545831
0.44674110	0.00545823
0.44718807	0.00545815
0.44763548	0.00545807
0.44808334	0.00545799
0.44853165	0.00545792
0.44898040	0.00545784
0.44942961	0.00545776
0.44987926	0.00545768
0.45032937	0.00545760
0.45077992	0.00545752
0.45123093	0.00545744
0.45168238	0.00545736
0.45213429	0.00545728
0.45258665	0.00545720
0.45303946	0.00545712
0.45349273	0.00545704
0.45394645	0.00545696
0.45440062	0.00545688
0.45485525	0.00545680
0.45531033	0.00545672
0.45576587	0.00545664
0.45622187	0.00545656
0.45667832	0.00545648
0.45713522	0.00545640
0.45759259	0.00545632
0.45805041	0.00545624
0.45850869	0.00545616
0.45896743	0.00545608
0.45942662	0.00545600
0.45988628	0.00545592
0.46034640	0.00545584
0.46080697	0.00545576
0.46126801	0.00545568
0.46172951	0.00545560
0.46219147	0.00545552
0.46265389	0.00545544
0.46311678	0.00545536
0.46358013	0.00545528
0.46404394	0.00545519
0.46450821	0.00545511
0.46497295	0.00545503
0.46543816	0.00545495
0.46590383	0.00545487
0.46636997	0.00545479
0.46683657	0.00545471
0.46730364	0.00545463
0.46777118	0.00545455
0.46823918	0.00545446
0.46870766	0.00545438
0.46917660	0.00545430
0.46964601	0.00545422
0.47011589	0.00545414
0.47058624	0.00545406
0.47105706	0.00545397
0.47152836	0.00545389
0.47200012	0.00545381
0.47247236	0.00545373
0.47294507	0.00545365
0.47341825	0.00545357
0.47389190	0.00545348
0.47436603	0.00545340
0.47484063	0.00545332
0.47531571	0.00545324
0.47579127	0.00545315
0.47626729	0.00545307
0.47674380	0.00545299
0.47722078	0.00545291
0.47769824	0.00545282
0.47817618	0.00545274
0.47865459	0.00545266
0.47913349	0.00545258
0.47961286	0.00545249
0.48009271	0.00545241
0.48057305	0.00545233
0.48105386	0.00545225
0.48153516	0.00545216
0.48201693	0.00545208
0.48249919	0.00545200
0.48298193	0.00545191
0.48346515	0.00545183
0.48394886	0.00545175
0.48443305	0.00545166
0.48491773	0.00545158
0.48540289	0.00545150
0.48588853	0.00545141
0.48637466	0.00545133
0.48686128	0.00545125
0.48734839	0.00545116
0.48783598	0.00545108
0.48832406	0.00545100
0.48881263	0.00545091
0.48930168	0.00545083
0.48979123	0.00545074
0.49028127	0.00545066
0.49077179	0.00545058
0.49126281	0.00545049
0.49175432	0.00545041
0.49224632	0.00545032
0.49273881	0.00545024
0.49323180	0.00545016
0.49372528	0.00545007
0.49421925	0.00544999
0.49471371	0.00544990
0.49520868	0.00544982
0.49570413	0.00544973
0.49620008	0.00544965
0.49669653	0.00544956
0.49719348	0.00544948
0.49769092	0.00544939
0.49818886	0.00544931
0.49868730	0.00544922
0.49918623	0.00544914
0.49968567	0.00544905
0.50018561	0.00544897
0.50068604	0.00544888
0.50118698	0.00544880
0.50168842	0.00544871
0.50219035	0.00544863
0.50269280	0.00544855
0.50319574	0.00544846
0.50369919	0.00544838
0.50420314	0.00544829
0.50470759	0.00544820
0.50521255	0.00544812
0.50571802	0.00544803
0.50622399	0.00544794
0.50673047	0.00544786
0.50723745	0.00544777
0.50774494	0.00544769
0.50825294	0.00544760
0.50876145	0.00544752
0.50927046	0.00544743
0.50977999	0.00544735
0.51029003	0.00544726
0.51080057	0.00544717
0.51131163	0.00544708
0.51182319	0.00544700
0.51233527	0.00544691
0.51284786	0.00544682
0.51336097	0.00544674
0.51387459	0.00544665
0.51438872	0.00544656
0.51490336	0.00544648
0.51541853	0.00544639
0.51593420	0.00544630
0.51645039	0.00544622
0.51696710	0.00544613
0.51748433	0.00544604
0.51800207	0.00544595
0.51852033	0.00544587
0.51903911	0.00544578
0.51955841	0.00544569
0.52007823	0.00544560
0.52059857	0.00544552
0.52111943	0.00544543
0.52164081	0.00544534
0.52216271	0.00544526
0.52268513	0.00544517
0.52320808	0.00544508
0.52373155	0.00544499
0.52425554	0.00544490
0.52478006	0.00544482
0.52530510	0.00544473
0.52583067	0.00544464
0.52635676	0.00544455
0.52688338	0.00544446
0.52741053	0.00544437
0.52793820	0.00544429
0.52846641	0.00544420
0.52899514	0.00544411
0.52952440	0.00544402
0.53005419	0.00544393
0.53058451	0.00544384
0.53111536	0.00544376
0.53164674	0.00544367
0.53217865	0.00544358
0.53271109	0.00544349
0.53324407	0.00544340
0.53377758	0.00544331
0.53431163	0.00544322
0.53484621	0.00544313
0.53538132	0.00544304
0.53591697	0.00544295
0.53645315	0.00544287
0.53698988	0.00544278
0.53752713	0.00544269
0.53806493	0.00544260
0.53860326	0.00544251
0.53914214	0.00544242
0.53968155	0.00544233
0.54022150	0.00544224
0.54076199	0.00544215
0.54130302	0.00544206
0.54184460	0.00544197
0.54238671	0.00544188
0.54292937	0.00544179
0.54347257	0.00544170
0.54401632	0.00544161
0.54456061	0.00544152
0.54510544	0.00544143
0.54565082	0.00544134
0.54619674	0.00544125
0.54674321	0.00544116
0.54729023	0.00544107
0.54783779	0.00544098
0.54838590	0.00544089
0.54893456	0.00544080
0.54948377	0.00544070
0.55003353	0.00544062
0.55058384	0.00544052
0.55113470	0.00544043
0.55168611	0.00544034
0.55223807	0.00544025
0.55279058	0.00544016
0.55334365	0.00544007
0.55389727	0.00543997
0.55445145	0.00543988
0.55500618	0.00543979
0.55556146	0.00543970
0.55611730	0.00543961
0.55667369	0.00543952
0.55723065	0.00543943
0.55778816	0.00543934
0.55834622	0.00543924
0.55890485	0.00543915
0.55946403	0.00543906
0.56002378	0.00543897
0.56058408	0.00543887
0.56114494	0.00543878
0.56170637	0.00543869
0.56226836	0.00543860
0.56283091	0.00543850
0.56339402	0.00543841
0.56395770	0.00543832
0.56452194	0.00543823
0.56508674	0.00543814
0.56565211	0.00543804
0.56621804	0.00543795
0.56678455	0.00543786
0.56735161	0.00543776
0.56791925	0.00543767
0.56848745	0.00543759
0.56905622	0.00543749
0.56962556	0.00543739
0.57019548	0.00543730
0.57076596	0.00543721
0.57133701	0.00543711
0.57190863	0.00543702
0.57248082	0.00543693
0.57305359	0.00543683
0.57362693	0.00543674
0.57420085	0.00543665
0.57477533	0.00543655
0.57535040	0.00543646
0.57592603	0.00543636
0.57650225	0.00543627
0.57707904	0.00543618
0.57765641	0.00543608
0.57823435	0.00543599
0.57881288	0.00543590
0.57939198	0.00543580
0.57997166	0.00543570
0.58055192	0.00543561
0.58113276	0.00543552
0.58171419	0.00543542
0.58229619	0.00543533
0.58287878	0.00543524
0.58346195	0.00543514
0.58404570	0.00543504
0.58463004	0.00543495
0.58521496	0.00543486
0.58580047	0.00543476
0.58638657	0.00543467
0.58697325	0.00543458
0.58756051	0.00543449
0.58814837	0.00543441
0.58873681	0.00543431
0.58932584	0.00543421
0.58991546	0.00543412
0.59050567	0.00543402
0.59109647	0.00543392
0.59168786	0.00543382
0.59227985	0.00543373
0.59287242	0.00543362
0.59346559	0.00543352
0.59405936	0.00543343
0.59465371	0.00543336
0.59524866	0.00543325
0.59584421	0.00543315
0.59644035	0.00543304
0.59703709	0.00543297
0.59763443	0.00543286
0.59823236	0.00543276
0.59883089	0.00543267
0.59943002	0.00543257
0.60002975	0.00543247
0.60063008	0.00543237
0.60123101	0.00543227
0.60183254	0.00543218
0.60243468	0.00543207
0.60303741	0.00543198
0.60364075	0.00543188
0.60424470	0.00543178
0.60484924	0.00543170
0.60545439	0.00543160
0.60606015	0.00543149
0.60666651	0.00543139
0.60727348	0.00543129
0.60788106	0.00543120
0.60848925	0.00543110
0.60909804	0.00543102
0.60970744	0.00543091
0.61031746	0.00543081
0.61092808	0.00543071
0.61153931	0.00543061
0.61215116	0.00543051
0.61276361	0.00543041
0.61337668	0.00543032
0.61399037	0.00543022
0.61460467	0.00543012
0.61521958	0.00543002
0.61583510	0.00542992
0.61645125	0.00542982
0.61706801	0.00542972
0.61768538	0.00542962
0.61830338	0.00542952
0.61892199	0.00542942
0.61954122	0.00542933
0.62016107	0.00542923
0.62078155	0.00542913
0.62140264	0.00542903
0.62202435	0.00542893
0.62264669	0.00542883
0.62326964	0.00542873
0.62389323	0.00542863
0.62451743	0.00542853
0.62514226	0.00542843
0.62576772	0.00542833
0.62639380	0.00542824
0.62702050	0.00542814
0.62764784	0.00542816
0.62827580	0.00542809
0.62890439	0.00542788
0.62953361	0.00542778
0.63016346	0.00542768
0.63079394	0.00542756
0.63142504	0.00542749
0.63205679	0.00542737
0.63268916	0.00542726
0.63332216	0.00542716
0.63395580	0.00542705
0.63459008	0.00542695
0.63522498	0.00542684
0.63586053	0.00542674
0.63649670	0.00542663
0.63713352	0.00542653
0.63777097	0.00542643
0.63840906	0.00542633
0.63904779	0.00542623
0.63968716	0.00542612
0.64032716	0.00542602
0.64096781	0.00542592
0.64160910	0.00542582
0.64225103	0.00542572
0.64289360	0.00542562
0.64353682	0.00542552
0.64418068	0.00542542
0.64482518	0.00542532
0.64547033	0.00542522
0.64611612	0.00542513
0.64676256	0.00542505
0.64740965	0.00542495
0.64805738	0.00542483
0.64870576	0.00542472
0.64935479	0.00542461
0.65000447	0.00542455
0.65065480	0.00542443
0.65130578	0.00542432
0.65195741	0.00542427
0.65260970	0.00542412
0.65326263	0.00542400
0.65391622	0.00542390
0.65457046	0.00542380
0.65522536	0.00542370
0.65588092	0.00542382
0.65653712	0.00542356
0.65719399	0.00542347
0.65785151	0.00542341
0.65850969	0.00542324
0.65916853	0.00542311
0.65982803	0.00542303
0.66048819	0.00542289
0.66114901	0.00542293
0.66181049	0.00542271
0.66247263	0.00542260
0.66313543	0.00542249
0.66379890	0.00542236
0.66446303	0.00542230
0.66512783	0.00542216
0.66579329	0.00542206
0.66645941	0.00542194
0.66712620	0.00542184
0.66779366	0.00542173
0.66846179	0.00542162
0.66913059	0.00542152
0.66980005	0.00542140
0.67047019	0.00542130
0.67114099	0.00542119
0.67181247	0.00542108
0.67248462	0.00542098
0.67315744	0.00542087
0.67383093	0.00542076
0.67450510	0.00542065
0.67517995	0.00542055
0.67585546	0.00542044
0.67653166	0.00542034
0.67720853	0.00542023
0.67788607	0.00542012
0.67856430	0.00542002
0.67924320	0.00541991
0.67992279	0.00541981
0.68060305	0.00541970
0.68128399	0.00541959
0.68196562	0.00541949
0.68264792	0.00541939
0.68333091	0.00541927
0.68401459	0.00541917
0.68469894	0.00541906
0.68538398	0.00541895
0.68606971	0.00541885
0.68675612	0.00542006
0.68744322	0.00542026
0.68813101	0.00541904
0.68881948	0.00541880
0.68950865	0.00541877
0.69019850	0.00541858
0.69088905	0.00541860
0.69158028	0.00541828
0.69227221	0.00541852
0.69296483	0.00541812
0.69365814	0.00541798
0.69435214	0.00541790
0.69504684	0.00541770
0.69574224	0.00541825
0.69643833	0.00541761
0.69713511	0.00541730
0.69783260	0.00541731
0.69853078	0.00541714
0.69922966	0.00541706
0.69992924	0.00541695
0.70062952	0.00541678
0.70133050	0.00541663
0.70203218	0.00541654
0.70273456	0.00541645
0.70343765	0.00541620
0.70414144	0.00541614
0.70484593	0.00541601
0.70555113	0.00541593
0.70625703	0.00541578
0.70696364	0.00541568
0.70767096	0.00541558
0.70837899	0.00541546
0.70908772	0.00541537
0.70979716	0.00541527
0.71050731	0.00541615
0.71121818	0.00541534
0.71192975	0.00541572
0.71264204	0.00541526
0.71335503	0.00541511
0.71406875	0.00541491
0.71478317	0.00541480
0.71549831	0.00541469
0.71621417	0.00541658
0.71693074	0.00541603
0.71764803	0.00541562
0.71836604	0.00541505
0.71908476	0.00541542
0.71980421	0.00541478
0.72052437	0.00541465
0.72124526	0.00541414
0.72196686	0.00541393
0.72268919	0.00541428
0.72341224	0.00541394
0.72413601	0.00541370
0.72486051	0.00541385
0.72558574	0.00541375
0.72631168	0.00541337
0.72703836	0.00541305
0.72776576	0.00541343
0.72849389	0.00541266
0.72922275	0.00541304
0.72995234	0.00541277
0.73068265	0.00541271
0.73141370	0.00541253
0.73214548	0.00541245
0.73287799	0.00541201
0.73361124	0.00541211
0.73434522	0.00541175
0.73507993	0.00541179
0.73581538	0.00541147
0.73655156	0.00541155
0.73728848	0.00541128
0.73802614	0.00541107
0.73876453	0.00541107
0.73950367	0.00541089
0.74024354	0.00541078
0.74098415	0.00541062
0.74172551	0.00541044
0.74246761	0.00541042
0.74321044	0.00541014
0.74395403	0.00541014
0.74469835	0.00540994
0.74544342	0.00540981
0.74618924	0.00540973
0.74693580	0.00540957
0.74768311	0.00540943
0.74843117	0.00540937
0.74917997	0.00540919
0.74992953	0.00540909
0.75067983	0.00540898
0.75143089	0.00540884
0.75218270	0.00540874
0.75293525	0.00540861
0.75368857	0.00540849
0.75444263	0.00540838
0.75519745	0.00540826
0.75595303	0.00540814
0.75670936	0.00540803
0.75746645	0.00540791
0.75822429	0.00540780
0.75898289	0.00540769
0.75974226	0.00541345
0.76050238	0.00541042
0.76126326	0.00540916
0.76202491	0.00540797
0.76278731	0.00540830
0.76355048	0.00540830
0.76431441	0.00540787
0.76507911	0.00540776
0.76584457	0.00540762
0.76661080	0.00540747
0.76737779	0.00540699
0.76814556	0.00540715
0.76891409	0.00540935
0.76968338	0.00540768
0.77045345	0.00540696
0.77122429	0.00540658
0.77199590	0.00540668
0.77276828	0.00540642
0.77354144	0.00540630
0.77431537	0.00540612
0.77509007	0.00540595
0.77586555	0.00540540
0.77664180	0.00540541
0.77741883	0.00540526
0.77819664	0.00540499
0.77897522	0.00540464
0.77975459	0.00540452
0.78053473	0.00540441
0.78131566	0.00540430
0.78209737	0.00541038
0.78287985	0.00540771
0.78366313	0.00540632
0.78444718	0.00540595
0.78523202	0.00541082
0.78601764	0.00540664
0.78680406	0.00540614
0.78759125	0.00540684
0.78837924	0.00541066
0.78916801	0.00540728
0.78995757	0.00540661
0.79074793	0.00540601
0.79153907	0.00540701
0.79233101	0.00540490
0.79312373	0.00540446
0.79391725	0.00540770
0.79471157	0.00540526
0.79550668	0.00540442
0.79630258	0.00540398
0.79709928	0.00540442
0.79789678	0.00540397
0.79869508	0.00540415
0.79949417	0.00540297
0.80029406	0.00540300
0.80109476	0.00540280
0.80189625	0.00540246
0.80269855	0.00540240
0.80350165	0.00540225
0.80430556	0.00540180
0.80511026	0.00540157
0.80591578	0.00540148
0.80672209	0.00540128
0.80752922	0.00540123
0.80833715	0.00540100
0.80914589	0.00540106
0.80995545	0.00540101
0.81076581	0.00540106
0.81157698	0.00540105
0.81238896	0.00540102
0.81320176	0.00540143
0.81401536	0.00540128
0.81482979	0.00540102
0.81564502	0.00540061
0.81646108	0.00540064
0.81727795	0.00539990
0.81809563	0.00540004
0.81891414	0.00539936
0.81973346	0.00539950
0.82055361	0.00539919
0.82137457	0.00539886
0.82219635	0.00539881
0.82301896	0.00540163
0.82384239	0.00539936
0.82466665	0.00539861
0.82549173	0.00539835
0.82631763	0.00539828
0.82714436	0.00539794
0.82797192	0.00539826
0.82880031	0.00539849
0.82962952	0.00539837
0.83045957	0.00539806
0.83129044	0.00539763
0.83212215	0.00539823
0.83295468	0.00539724
0.83378806	0.00539797
0.83462226	0.00539690
0.83545730	0.00539733
0.83629318	0.00539729
0.83712989	0.00539669
0.83796744	0.00539696
0.83880582	0.00539657
0.83964505	0.00539625
0.84048511	0.00539629
0.84132602	0.00539589
0.84216777	0.00539595
0.84301035	0.00539558
0.84385379	0.00539543
0.84469806	0.00539537
0.84554318	0.00539520
0.84638915	0.00539501
0.84723596	0.00539477
0.84808362	0.00539464
0.84893213	0.00539454
0.84978149	0.00539441
0.85063169	0.00539422
0.85148275	0.00539413
0.85233466	0.00539393
0.85318742	0.00539376
0.85404103	0.00539370
0.85489550	0.00539349
0.85575082	0.00539338
0.85660700	0.00539320
0.85746404	0.00539310
0.85832193	0.00539292
0.85918068	0.00539283
0.86004029	0.00539266
0.86090076	0.00539314
0.86176210	0.00539315
0.86262429	0.00539308
0.86348734	0.00539266
0.86435126	0.00539214
0.86521605	0.00539214
0.86608170	0.00539220
0.86694821	0.00539213
0.86781559	0.00539179
0.86868384	0.00539342
0.86955296	0.00541114
0.87042295	0.00540048
0.87129381	0.00539912
0.87216554	0.00539617
0.87303814	0.00539628
0.87391161	0.00540869
0.87478596	0.00540094
0.87566118	0.00540009
0.87653728	0.00539747
0.87741426	0.00540080
0.87829211	0.00540111
0.87917084	0.00540282
0.88005045	0.00539836
0.88093095	0.00539753
0.88181232	0.00539650
0.88269457	0.00539684
0.88357771	0.00539933
0.88446173	0.00539557
0.88534663	0.00539496
0.88623242	0.00539426
0.88711910	0.00539450
0.88800666	0.00539433
0.88889511	0.00539360
0.88978445	0.00539208
0.89067468	0.00539215
0.89156580	0.00539185
0.89245781	0.00539271
0.89335071	0.00539409
0.89424451	0.00539225
0.89513920	0.00539217
0.89603479	0.00539176
0.89693127	0.00539234
0.89782865	0.00539117
0.89872693	0.00539196
0.89962611	0.00539043
0.90052618	0.00539049
0.90142716	0.00538952
0.90232904	0.00538941
0.90323182	0.00538861
0.90413550	0.00538794
0.90504009	0.00538739
0.90594558	0.00538752
0.90685198	0.00538798
0.90775929	0.00538909
0.90866750	0.00539131
0.90957662	0.00538874
0.91048665	0.00538965
0.91139760	0.00538884
0.91230945	0.00538824
0.91322221	0.00538970
0.91413589	0.00538866
0.91505049	0.00538848
0.91596600	0.00538932
0.91688242	0.00538787
0.91779976	0.00538896
0.91871802	0.00538729
0.91963720	0.00538818
0.92055729	0.00538631
0.92147831	0.00539755
0.92240025	0.00539267
0.92332311	0.00539196
0.92424690	0.00539240
0.92517161	0.00539355
0.92609724	0.00539177
0.92702380	0.00539398
0.92795129	0.00540122
0.92887970	0.00540036
0.92980905	0.00539961
0.93073932	0.00540266
0.93167053	0.00540271
0.93260266	0.00540073
0.93353573	0.00539997
0.93446974	0.00540088
0.93540467	0.00539663
0.93634055	0.00540291
0.93727735	0.00539751
0.93821510	0.00539676
0.93915378	0.00539461
0.94009341	0.00539427
0.94103397	0.00539450
0.94197548	0.00539332
0.94291792	0.00539393
0.94386131	0.00539350
0.94480565	0.00539603
0.94575092	0.00539277
0.94669715	0.00539438
0.94764432	0.00539443
0.94859244	0.00539504
0.94954150	0.00539518
0.95049152	0.00539508
0.95144249	0.00539182
0.95239441	0.00539482
0.95334728	0.00539012
0.95430110	0.00539189
0.95525588	0.00539327
0.95621161	0.00539199
0.95716830	0.00539416
0.95812595	0.00539047
0.95908455	0.00539413
0.96004412	0.00539034
0.96100464	0.00539203
0.96196613	0.00539121
0.96292858	0.00538941
0.96389199	0.00539169
0.96485636	0.00538762
0.96582170	0.00538803
0.96678800	0.00539013
0.96775528	0.00538268
0.96872351	0.00538692
0.96969272	0.00538743
0.97066290	0.00538244
0.97163405	0.00538458
0.97260617	0.00538620
0.97357926	0.00538473
0.97455333	0.00538256
0.97552837	0.00538478
0.97650438	0.00538460
0.97748138	0.00538103
0.97845935	0.00538555
0.97943830	0.00538542
0.98041822	0.00538351
0.98139913	0.00538193
0.98238102	0.00538486
0.98336390	0.00538308
0.98434775	0.00538278
0.98533259	0.00538215
0.98631842	0.00538100
0.98730523	0.00538238
0.98829303	0.00538270
0.98928182	0.00538138
0.99027159	0.00538023
0.99126236	0.00538038
0.99225412	0.00538019
0.99324687	0.00538063
0.99424061	0.00537905
0.99523535	0.00537817
0.99623108	0.00537945
0.99722781	0.00537913
0.99822554	0.00537790
0.99922426	0.00537856
1.00022399	0.00537740
1.00122471	0.00537726
1.00222644	0.00537687
1.00322916	0.00537623
1.00423290	0.00537624
1.00523763	0.00537556
1.00624337	0.00537522
1.00725012	0.00537546
1.00825787	0.00537485
1.00926663	0.00537488
1.01027640	0.00537393
1.01128719	0.00537397
1.01229898	0.00537464
1.01331179	0.00537352
1.01432560	0.00537383
1.01534044	0.00537332
1.01635628	0.00537239
1.01737315	0.00537324
1.01839103	0.00537229
1.01940993	0.00537228
1.02042985	0.00537183
1.02145079	0.00537170
1.02247275	0.00537164
1.02349574	0.00537155
1.02451975	0.00537147
1.02554478	0.00537140
1.02657084	0.00537158
1.02759792	0.00537075
1.02862603	0.00537223
1.02965517	0.00537300
1.03068534	0.00537094
1.03171654	0.00537086
1.03274878	0.00537058
1.03378204	0.00537057
1.03481634	0.00537042
1.03585167	0.00537225
1.03688804	0.00543201
1.03792545	0.00541391
1.03896389	0.00540604
1.04000338	0.00541254
1.04104390	0.00541339
1.04208547	0.00540914
1.04312807	0.00540526
1.04417172	0.00540647
1.04521642	0.00541151
1.04626216	0.00540138
1.04730894	0.00539930
1.04835677	0.00539713
1.04940566	0.00543371
1.05045559	0.00541360
1.05150657	0.00540727
1.05255860	0.00540591
1.05361168	0.00543198
1.05466582	0.00541493
1.05572102	0.00541317
1.05677727	0.00541601
1.05783457	0.00542975
1.05889294	0.00541509
1.05995236	0.00541008
1.06101284	0.00541738
1.06207438	0.00542538
1.06313699	0.00542587
1.06420066	0.00541890
1.06526539	0.00541646
1.06633119	0.00541956
1.06739805	0.00541181
1.06846599	0.00540945
1.06953499	0.00541513
1.07060506	0.00541720
1.07167620	0.00541589
1.07274841	0.00540729
1.07382169	0.00540760
1.07489605	0.00541096
1.07597149	0.00540727
1.07704800	0.00540463
1.07812558	0.00541157
1.07920425	0.00540555
1.08028399	0.00539939
1.08136482	0.00540058
1.08244672	0.00540429
1.08352971	0.00539711
1.08461378	0.00539913
1.08569894	0.00539907
1.08678518	0.00539933
1.08787251	0.00539629
1.08896092	0.00539792
1.09005043	0.00539264
1.09114103	0.00539270
1.09223271	0.00539734
1.09332549	0.00539284
1.09441936	0.00539022
1.09551433	0.00539251
1.09661039	0.00538828
1.09770755	0.00538923
1.09880581	0.00539019
1.09990516	0.00538661
1.10100562	0.00538815
1.10210718	0.00538629
1.10320983	0.00538760
1.10431360	0.00538494
1.10541846	0.00538815
1.10652443	0.00538511
1.10763151	0.00538796
1.10873970	0.00538577
1.10984899	0.00539041
1.11095939	0.00540036
1.11207091	0.00540288
1.11318354	0.00540426
1.11429728	0.00539666
1.11541213	0.00539660
1.11652810	0.00540379
1.11764519	0.00540114
1.11876339	0.00540218
1.11988272	0.00540373
1.12100316	0.00539398
1.12212472	0.00539789
1.12324741	0.00539347
1.12437122	0.00539066
1.12549615	0.00539262
1.12662221	0.00538676
1.12774940	0.00538758
1.12887771	0.00539951
1.13000715	0.00539894
1.13113772	0.00539346
1.13226943	0.00539654
1.13340226	0.00540556
1.13453623	0.00541555
1.13567134	0.00540404
1.13680758	0.00540145
1.13794495	0.00539941
1.13908347	0.00539721
1.14022312	0.00539831
1.14136391	0.00539866
1.14250585	0.00539574
1.14364892	0.00539608
1.14479315	0.00539636
1.14593851	0.00539409
1.14708502	0.00539799
1.14823268	0.00539222
1.14938149	0.00539512
1.15053145	0.00539316
1.15168255	0.00539048
1.15283481	0.00538988
1.15398822	0.00539415
1.15514279	0.00538828
1.15629851	0.00539402
1.15745538	0.00539336
1.15861342	0.00538860
1.15977261	0.00538730
1.16093296	0.00539081
1.16209448	0.00538857
1.16325715	0.00538601
1.16442099	0.00538802
1.16558600	0.00539144
1.16675217	0.00538590
1.16791950	0.00538703
1.16908800	0.00538532
1.17025768	0.00538555
1.17142852	0.00538380
1.17260053	0.00537990
1.17377372	0.00538622
1.17494808	0.00537940
1.17612362	0.00538056
1.17730033	0.00538113
1.17847822	0.00537792
1.17965729	0.00537716
1.18083753	0.00537519
1.18201896	0.00537636
1.18320157	0.00537554
1.18438537	0.00537185
1.18557034	0.00537331
1.18675651	0.00537267
1.18794386	0.00537105
1.18913240	0.00537073
1.19032212	0.00536812
1.19151304	0.00536977
1.19270515	0.00537669
1.19389845	0.00538018
1.19509295	0.00537028
1.19628864	0.00538920
1.19748552	0.00537591
1.19868361	0.00537585
1.19988289	0.00537983
1.20108337	0.00538307
1.20228506	0.00539125
1.20348795	0.00545278
1.20469204	0.00544880
1.20589733	0.00545476
1.20710383	0.00545616
1.20831154	0.00544619
1.20952045	0.00545717
1.21073058	0.00545325
1.21194192	0.00544938
1.21315446	0.00545496
1.21436822	0.00545143
1.21558320	0.00545085
1.21679939	0.00544655
1.21801680	0.00546227
1.21923543	0.00546030
1.22045527	0.00545020
1.22167634	0.00544980
1.22289862	0.00544815
1.22412213	0.00544640
1.22534687	0.00544309
1.22657283	0.00545751
1.22780001	0.00545803
1.22902843	0.00544692
1.23025807	0.00544436
1.23148895	0.00544806
1.23272105	0.00544649
1.23395439	0.00544540
1.23518896	0.00544842
1.23642477	0.00544241
1.23766181	0.00544356
1.23890009	0.00544562
1.24013961	0.00544101
1.24138037	0.00544334
1.24262237	0.00544277
1.24386561	0.00543542
1.24511010	0.00543744
1.24635584	0.00543942
1.24760281	0.00543554
1.24885104	0.00543475
1.25010052	0.00543479
1.25135124	0.00543340
1.25260322	0.00543216
1.25385645	0.00543324
1.25511093	0.00542772
1.25636667	0.00542764
1.25762367	0.00542862
1.25888192	0.00542688
1.26014143	0.00542600
1.26140220	0.00542643
1.26266424	0.00542472
1.26392753	0.00542166
1.26519209	0.00542223
1.26645792	0.00542315
1.26772501	0.00541741
1.26899337	0.00541664
1.27026300	0.00541537
1.27153389	0.00541077
1.27280606	0.00540706
1.27407951	0.00540900
1.27535422	0.00540851
1.27663021	0.00540512
1.27790748	0.00540528
1.27918603	0.00540824
1.28046586	0.00541199
1.28174696	0.00541688
1.28302935	0.00542583
1.28431302	0.00542948
1.28559798	0.00543080
1.28688422	0.00543484
1.28817175	0.00543318
1.28946056	0.00543318
1.29075067	0.00543465
1.29204206	0.00543389
1.29333475	0.00542874
1.29462873	0.00543031
1.29592401	0.00542817
1.29722058	0.00542595
1.29851845	0.00542503
1.29981762	0.00542303
1.30111809	0.00541719
1.30241986	0.00541244
1.30372293	0.00541460
1.30502730	0.00541356
1.30633298	0.00541133
1.30763997	0.00541000
1.30894826	0.00540679
1.31025787	0.00540526
1.31156878	0.00543001
1.31288100	0.00544041
1.31419454	0.00544531
1.31550939	0.00544533
1.31682556	0.00544423
1.31814304	0.00544220
1.31946185	0.00544240
1.32078197	0.00544567
1.32210341	0.00544503
1.32342618	0.00544557
1.32475026	0.00544076
1.32607568	0.00543992
1.32740242	0.00543861
1.32873048	0.00543624
1.33005988	0.00543319
1.33139060	0.00543188
1.33272266	0.00543198
1.33405605	0.00543516
1.33539077	0.00543529
1.33672683	0.00543424
1.33806423	0.00543514
1.33940296	0.00543223
1.34074303	0.00542975
1.34208445	0.00543392
1.34342720	0.00543661
1.34477130	0.00543713
1.34611674	0.00543742
1.34746353	0.00543890
1.34881167	0.00543682
1.35016116	0.00543944
1.35151199	0.00543756
1.35286418	0.00543597
1.35421772	0.00543941
1.35557262	0.00543837
1.35692887	0.00543706
1.35828648	0.00543773
1.35964544	0.00543581
1.36100577	0.00543470
1.36236745	0.00543624
1.36373050	0.00543093
1.36509492	0.00543417
1.36646069	0.00542934
1.36782784	0.00543106
1.36919635	0.00542928
1.37056623	0.00542968
1.37193748	0.00542801
1.37331011	0.00542555
1.37468410	0.00542627
1.37605948	0.00542237
1.37743622	0.00542389
1.37881435	0.00542500
1.38019385	0.00542608
1.38157474	0.00542215
1.38295700	0.00543157
1.38434065	0.00541951
1.38572568	0.00542370
1.38711210	0.00541748
1.38849991	0.00542493
1.38988910	0.00541703
1.39127969	0.00542200
1.39267166	0.00542399
1.39406503	0.00541791
1.39545979	0.00542275
1.39685595	0.00542108
1.39825351	0.00541575
1.39965246	0.00541716
1.40105281	0.00542776
1.40245456	0.00541428
1.40385772	0.00541761
1.40526228	0.00542044
1.40666825	0.00541636
1.40807562	0.00541245
1.40948440	0.00542479
1.41089459	0.00541525
1.41230619	0.00541575
1.41371920	0.00541738
1.41513363	0.00541956
1.41654947	0.00541077
1.41796673	0.00541377
1.41938540	0.00542359
1.42080550	0.00541176
1.42222701	0.00541327
1.42364995	0.00542773
1.42507431	0.00541839
1.42650010	0.00541542
1.42792731	0.00542258
1.42935596	0.00543329
1.43078603	0.00547779
1.43221753	0.00548785
1.43365046	0.00546561
1.43508483	0.00546481
1.43652063	0.00547004
1.43795787	0.00547281
1.43939655	0.00549122
1.44083666	0.00547809
1.44227822	0.00547319
1.44372122	0.00547426
1.44516566	0.00547839
1.44661155	0.00548427
1.44805889	0.00547528
1.44950767	0.00546949
1.45095790	0.00547023
1.45240959	0.00547585
1.45386272	0.00547490
1.45531731	0.00547106
1.45677336	0.00546536
1.45823086	0.00546612
1.45968982	0.00546704
1.46115024	0.00546584
1.46261212	0.00546640
1.46407547	0.00545893
1.46554027	0.00546008
1.46700655	0.00546007
1.46847429	0.00545963
1.46994350	0.00545639
1.47141417	0.00545498
1.47288632	0.00545206
1.47435995	0.00545181
1.47583504	0.00545012
1.47731162	0.00544957
1.47878967	0.00544696
1.48026920	0.00544412
1.48175021	0.00544400
1.48323270	0.00544637
1.48471667	0.00544594
1.48620213	0.00544378
1.48768908	0.00544197
1.48917751	0.00543988
1.49066743	0.00544258
1.49215885	0.00544882
1.49365175	0.00544767
1.49514615	0.00544594
1.49664204	0.00544836
1.49813944	0.00545083
1.49963832	0.00545236
1.50113871	0.00544646
1.50264060	0.00544344
1.50414399	0.00543927
1.50564889	0.00543737
1.50715529	0.00543758
1.50866320	0.00543712
1.51017262	0.00543605
1.51168355	0.00544011
1.51319599	0.00544280
1.51470994	0.00544294
1.51622541	0.00544499
1.51774239	0.00544856
1.51926089	0.00545298
1.52078091	0.00545309
1.52230245	0.00545470
1.52382552	0.00546040
1.52535011	0.00546056
1.52687622	0.00546209
1.52840386	0.00546002
1.52993303	0.00546465
1.53146373	0.00546417
1.53299596	0.00546531
1.53452972	0.00546276
1.53606502	0.00546071
1.53760185	0.00545270
1.53914022	0.00545734
1.54068013	0.00545682
1.54222158	0.00545521
1.54376457	0.00545297
1.54530911	0.00545017
1.54685519	0.00544791
1.54840282	0.00544908
1.54995200	0.00544315
1.55150273	0.00543937
1.55305500	0.00543649
1.55460884	0.00543697
1.55616422	0.00543858
1.55772117	0.00543567
1.55927967	0.00543206
1.56083973	0.00543381
1.56240135	0.00544156
1.56396453	0.00545377
1.56552928	0.00546623
1.56709559	0.00547641
1.56866347	0.00548146
1.57023291	0.00548363
1.57180393	0.00548235
1.57337652	0.00548027
1.57495069	0.00547459
1.57652643	0.00547573
1.57810374	0.00548033
1.57968263	0.00548018
1.58126311	0.00548008
1.58284516	0.00547487
1.58442880	0.00547141
1.58601402	0.00546787
1.58760083	0.00546499
1.58918922	0.00546309
1.59077920	0.00546101
1.59237078	0.00545845
1.59396395	0.00545707
1.59555871	0.00545856
1.59715506	0.00546576
1.59875302	0.00547017
1.60035257	0.00547176
1.60195372	0.00547251
1.60355648	0.00547297
1.60516084	0.00546823
1.60676680	0.00547281
1.60837437	0.00547703
1.60998355	0.00547653
1.61159434	0.00547607
1.61320674	0.00547507
1.61482075	0.00547720
1.61643638	0.00547605
1.61805363	0.00547513
1.61967249	0.00547064
1.62129297	0.00547358
1.62291508	0.00547074
1.62453880	0.00547171
1.62616415	0.00546836
1.62779113	0.00546756
1.62941974	0.00546617
1.63104997	0.00546402
1.63268184	0.00546290
1.63431534	0.00546109
1.63595047	0.00546238
1.63758724	0.00546194
1.63922564	0.00546192
1.64086569	0.00546077
1.64250738	0.00545915
1.64415070	0.00545631
1.64579568	0.00545246
1.64744230	0.00545389
1.64909056	0.00545618
1.65074048	0.00545675
1.65239204	0.00545680
1.65404526	0.00545714
1.65570014	0.00545825
1.65735666	0.00545518
1.65901485	0.00545457
1.66067469	0.00545132
1.66233620	0.00545176
1.66399937	0.00545197
1.66566420	0.00545237
1.66733070	0.00545190
1.66899886	0.00545262
1.67066869	0.00545208
1.67234020	0.00545154
1.67401337	0.00545135
1.67568823	0.00544874
1.67736475	0.00544799
1.67904296	0.00544698
1.68072284	0.00544617
1.68240440	0.00544769
1.68408765	0.00544593
1.68577258	0.00544286
1.68745919	0.00544476
1.68914750	0.00544264
1.69083749	0.00544229
1.69252917	0.00544153
1.69422255	0.00543997
1.69591762	0.00543744
1.69761438	0.00543791
1.69931285	0.00543580
1.70101301	0.00543621
1.70271487	0.00543496
1.70441844	0.00543288
1.70612371	0.00543315
1.70783069	0.00543161
1.70953937	0.00543036
1.71124977	0.00542868
1.71296187	0.00542781
1.71467569	0.00542682
1.71639123	0.00542495
1.71810847	0.00542343
1.71982744	0.00542210
1.72154813	0.00542099
1.72327054	0.00542057
1.72499467	0.00542022
1.72672053	0.00541832
1.72844811	0.00541717
1.73017743	0.00541463
1.73190847	0.00541522
1.73364124	0.00541258
1.73537575	0.00541172
1.73711200	0.00541111
1.73884998	0.00540796
1.74058970	0.00540826
1.74233116	0.00540534
1.74407436	0.00540495
1.74581931	0.00540331
1.74756600	0.00540512
1.74931444	0.00540196
1.75106463	0.00540409
1.75281657	0.00541734
1.75457026	0.00544527
1.75632571	0.00542803
1.75808291	0.00542784
1.75984188	0.00544610
1.76160260	0.00543526
1.76336508	0.00542695
1.76512933	0.00543580
1.76689534	0.00544496
1.76866312	0.00543859
1.77043267	0.00543752
1.77220399	0.00543433
1.77397708	0.00544630
1.77575194	0.00544073
1.77752858	0.00543340
1.77930700	0.00543798
1.78108720	0.00543643
1.78286917	0.00543718
1.78465293	0.00543435
1.78643848	0.00545631
1.78822581	0.00544322
1.79001493	0.00543900
1.79180584	0.00543745
1.79359854	0.00543628
1.79539304	0.00543668
1.79718933	0.00543454
1.79898742	0.00543359
1.80078731	0.00543459
1.80258899	0.00543540
1.80439248	0.00544574
1.80619778	0.00544775
1.80800488	0.00543998
1.80981379	0.00543492
1.81162451	0.00543455
1.81343704	0.00543581
1.81525138	0.00543854
1.81706754	0.00543515
1.81888552	0.00543255
1.82070531	0.00543545
1.82252693	0.00544529
1.82435037	0.00543890
1.82617563	0.00543723
1.82800272	0.00543378
1.82983164	0.00543425
1.83166239	0.00543726
1.83349496	0.00543438
1.83532938	0.00543255
1.83716562	0.00543595
1.83900371	0.00543443
1.84084363	0.00543570
1.84268540	0.00543420
1.84452900	0.00542992
1.84637445	0.00543453
1.84822175	0.00543603
1.85007090	0.00543392
1.85192189	0.00542707
1.85377474	0.00543279
1.85562944	0.00543268
1.85748600	0.00543363
1.85934442	0.00543267
1.86120469	0.00543763
1.86306683	0.00543531
1.86493083	0.00544065
1.86679669	0.00543773
1.86866442	0.00544138
1.87053402	0.00544955
1.87240549	0.00545927
1.87427883	0.00545727
1.87615405	0.00545606
1.87803114	0.00545304
1.87991011	0.00545279
1.88179096	0.00547585
1.88367369	0.00546701
1.88555831	0.00546138
1.88744481	0.00546203
1.88933320	0.00546351
1.89122348	0.00547104
1.89311565	0.00546542
1.89500971	0.00546204
1.89690567	0.00546263
1.89880352	0.00546536
1.90070327	0.00546518
1.90260493	0.00546222
1.90450848	0.00546448
1.90641395	0.00546675
1.90832131	0.00546375
1.91023059	0.00546176
1.91214177	0.00546294
1.91405487	0.00546127
1.91596988	0.00545728
1.91788681	0.00545565
1.91980566	0.00545854
1.92172642	0.00545897
1.92364911	0.00546152
1.92557372	0.00546202
1.92750026	0.00546540
1.92942873	0.00546904
1.93135912	0.00547232
1.93329144	0.00547699
1.93522570	0.00548116
1.93716190	0.00548628
1.93910003	0.00549178
1.94104010	0.00549489
1.94298211	0.00549758
1.94492606	0.00550005
1.94687196	0.00550287
1.94881981	0.00550224
1.95076960	0.00550086
1.95272135	0.00550922
1.95467504	0.00550576
1.95663070	0.00550611
1.95858831	0.00550387
1.96054787	0.00549778
1.96250940	0.00550087
1.96447289	0.00550068
1.96643835	0.00549983
1.96840577	0.00549808
1.97037516	0.00549597
1.97234652	0.00549366
1.97431985	0.00548774
1.97629516	0.00548615
1.97827245	0.00548198
1.98025171	0.00548101
1.98223295	0.00547886
1.98421617	0.00547813
1.98620138	0.00547554
1.98818858	0.00547543
1.99017776	0.00547339
1.99216893	0.00547495
1.99416210	0.00548542
1.99615726	0.00549362
1.99815441	0.00550190
2.00015357	0.00550760
2.00215472	0.00550958
2.00415788	0.00551167
2.00616304	0.00551026
2.00817021	0.00550852
2.01017938	0.00551012
2.01219056	0.00551277
2.01420376	0.00551689
2.01621897	0.00551263
2.01823620	0.00551408
2.02025545	0.00551201
2.02227671	0.00551123
2.02430000	0.00550766
2.02632531	0.00550753
2.02835265	0.00550500
2.03038202	0.00550479
2.03241342	0.00550162
2.03444685	0.00549955
2.03648231	0.00549658
2.03851981	0.00549535
2.04055935	0.00549517
2.04260093	0.00549761
2.04464455	0.00549969
2.04669022	0.00550107
2.04873793	0.00550101
2.05078770	0.00550045
2.05283951	0.00550157
2.05489338	0.00550398
2.05694930	0.00550383
2.05900728	0.00550158
2.06106731	0.00549757
2.06312941	0.00550090
2.06519357	0.00550185
2.06725980	0.00550180
2.06932809	0.00550262
2.07139846	0.00550010
2.07347089	0.00550181
2.07554540	0.00549765
2.07762198	0.00549825
2.07970064	0.00549791
2.08178138	0.00549595
2.08386421	0.00549594
2.08594911	0.00549549
2.08803611	0.00549315
2.09012519	0.00549488
2.09221636	0.00549200
2.09430962	0.00549292
2.09640498	0.00549289
2.09850243	0.00549126
2.10060198	0.00548866
2.10270363	0.00548901
2.10480739	0.00548596
2.10691325	0.00548480
2.10902122	0.00548335
2.11113129	0.00548069
2.11324348	0.00548229
2.11535778	0.00547957
2.11747420	0.00548002
2.11959273	0.00547858
2.12171338	0.00547618
2.12383616	0.00547589
2.12596106	0.00547265
2.12808808	0.00547333
2.13021723	0.00547093
2.13234852	0.00547065
2.13448193	0.00546982
2.13661748	0.00546879
2.13875517	0.00546733
2.14089499	0.00546654
2.14303696	0.00546484
2.14518107	0.00546479
2.14732732	0.00546316
2.14947572	0.00546353
2.15162627	0.00546177
2.15377897	0.00546169
2.15593383	0.00546023
2.15809084	0.00546100
2.16025001	0.00546024
2.16241134	0.00545942
2.16457484	0.00545837
2.16674049	0.00545769
2.16890832	0.00545645
2.17107831	0.00545585
2.17325048	0.00545542
2.17542481	0.00545513
2.17760133	0.00545919
2.17978002	0.00545447
2.18196089	0.00545546
2.18414394	0.00545959
2.18632918	0.00546335
2.18851660	0.00547061
2.19070621	0.00547969
2.19289801	0.00548853
2.19509201	0.00549621
2.19728820	0.00549667
2.19948658	0.00549412
2.20168717	0.00549405
2.20388996	0.00549288
2.20609495	0.00549252
2.20830215	0.00548962
2.21051156	0.00548578
2.21272317	0.00548276
2.21493700	0.00547955
2.21715305	0.00547638
2.21937131	0.00547330
2.22159179	0.00547035
2.22381449	0.00546894
2.22603942	0.00546857
2.22826657	0.00546658
2.23049595	0.00546423
2.23272757	0.00546251
2.23496141	0.00546066
2.23719749	0.00545844
2.23943581	0.00545625
2.24167636	0.00545387
2.24391916	0.00545183
2.24616420	0.00544964
2.24841149	0.00544735
2.25066102	0.00544509
2.25291281	0.00544406
2.25516685	0.00544386
2.25742315	0.00544153
2.25968170	0.00543898
2.26194251	0.00543782
2.26420558	0.00543858
2.26647092	0.00543732
2.26873853	0.00543660
2.27100840	0.00543687
2.27328054	0.00543713
2.27555496	0.00543745
2.27783165	0.00543883
2.28011063	0.00543993
2.28239188	0.00544245
2.28467541	0.00544559
2.28696123	0.00544969
2.28924933	0.00545604
2.29153973	0.00546223
2.29383241	0.00546861
2.29612739	0.00547453
2.29842467	0.00548024
2.30072424	0.00548320
2.30302612	0.00548258
2.30533030	0.00548473
2.30763678	0.00548312
2.30994557	0.00548272
2.31225667	0.00548032
2.31457008	0.00547939
2.31688581	0.00547740
2.31920386	0.00547520
2.32152422	0.00547239
2.32384691	0.00547108
2.32617192	0.00546987
2.32849925	0.00546812
2.33082891	0.00546564
2.33316091	0.00546300
2.33549524	0.00546031
2.33783190	0.00545892
2.34017090	0.00545595
2.34251224	0.00545429
2.34485593	0.00545217
2.34720196	0.00544997
2.34955033	0.00544797
2.35190106	0.00544680
2.35425413	0.00544439
2.35660957	0.00544375
2.35896735	0.00544235
2.36132750	0.00543990
2.36369001	0.00543847
2.36605488	0.00543698
2.36842212	0.00543552
2.37079173	0.00543435
2.37316371	0.00543341
2.37553806	0.00543431
2.37791478	0.00543574
2.38029389	0.00543659
2.38267537	0.00543829
2.38505924	0.00544240
2.38744549	0.00544775
2.38983413	0.00545102
2.39222516	0.00545571
2.39461858	0.00546144
2.39701440	0.00546705
2.39941261	0.00547268
2.40181322	0.00548090
2.40421624	0.00548856
2.40662166	0.00549766
2.40902948	0.00550668
2.41143972	0.00551515
2.41385236	0.00552626
2.41626742	0.00552072
2.41868490	0.00552265
2.42110479	0.00552849
2.42352711	0.00552504
2.42595185	0.00552471
2.42837901	0.00552507
2.43080861	0.00552332
2.43324063	0.00552126
2.43567509	0.00551881
2.43811198	0.00551602
2.44055131	0.00551207
2.44299308	0.00550887
2.44543730	0.00550505
2.44788396	0.00550117
2.45033307	0.00549750
2.45278463	0.00549399
2.45523864	0.00549049
2.45769511	0.00548719
2.46015403	0.00548416
2.46261541	0.00548112
2.46507926	0.00547883
2.46754557	0.00547728
2.47001435	0.00547638
2.47248560	0.00547688
2.47495933	0.00547832
2.47743552	0.00547905
2.47991420	0.00547766
2.48239535	0.00548262
2.48487899	0.00548000
2.48736511	0.00547796
2.48985372	0.00547609
2.49234482	0.00547443
2.49483841	0.00547270
2.49733450	0.00547630
2.49983308	0.00547661
2.50233416	0.00547127
2.50483775	0.00546799
2.50734384	0.00546571
2.50985244	0.00546199
2.51236355	0.00546207
2.51487717	0.00546845
2.51739330	0.00546594
2.51991195	0.00546318
2.52243313	0.00546393
2.52495682	0.00546370
2.52748304	0.00546158
2.53001179	0.00546586
2.53254306	0.00546527
2.53507687	0.00546356
2.53761322	0.00546234
2.54015210	0.00546107
2.54269352	0.00545968
2.54523749	0.00545956
2.54778400	0.00546096
2.55033306	0.00545836
2.55288467	0.00546090
2.55543883	0.00545923
2.55799555	0.00546006
2.56055482	0.00546346
2.56311666	0.00546341
2.56568105	0.00546375
2.56824802	0.00546391
2.57081755	0.00546525
2.57338965	0.00546618
2.57596433	0.00546932
2.57854158	0.00547362
2.58112142	0.00547861
2.58370383	0.00548533
2.58628882	0.00549256
2.58887641	0.00549982
2.59146658	0.00550977
2.59405934	0.00551830
2.59665470	0.00552269
2.59925265	0.00552852
2.60185320	0.00553005
2.60445636	0.00553096
2.60706212	0.00552928
2.60967048	0.00552696
2.61228146	0.00552932
2.61489505	0.00553816
2.61751125	0.00554230
2.62013007	0.00553608
2.62275151	0.00553706
2.62537557	0.00553234
2.62800226	0.00553052
2.63063158	0.00553062
2.63326353	0.00552902
2.63589811	0.00552778
2.63853532	0.00552525
2.64117518	0.00552415
2.64381768	0.00552208
2.64646282	0.00552017
2.64911060	0.00551906
2.65176104	0.00551715
2.65441412	0.00551876
2.65706987	0.00551988
2.65972827	0.00552274
2.66238932	0.00552758
2.66505304	0.00553137
2.66771943	0.00553530
2.67038848	0.00554019
2.67306021	0.00554036
2.67573461	0.00554351
2.67841168	0.00554271
2.68109143	0.00554284
2.68377386	0.00554992
2.68645898	0.00554949
2.68914678	0.00554303
2.69183727	0.00553934
2.69453046	0.00554063
2.69722634	0.00553995
2.69992491	0.00554188
2.70262619	0.00554327
2.70533016	0.00554052
2.70803685	0.00554078
2.71074624	0.00553898
2.71345834	0.00553491
2.71617316	0.00553459
2.71889069	0.00553213
2.72161094	0.00552823
2.72433391	0.00552229
2.72705961	0.00552412
2.72978803	0.00551865
2.73251918	0.00551554
2.73525307	0.00551838
2.73798969	0.00551575
2.74072905	0.00551840
2.74347115	0.00552160
2.74621599	0.00552274
2.74896358	0.00552410
2.75171392	0.00552495
2.75446701	0.00552627
2.75722286	0.00552785
2.75998146	0.00552701
2.76274282	0.00552933
2.76550694	0.00552395
2.76827383	0.00552106
2.77104349	0.00552491
2.77381592	0.00553004
2.77659113	0.00553141
2.77936911	0.00553212
2.78214987	0.00553205
2.78493341	0.00552982
2.78771973	0.00553187
2.79050885	0.00553125
2.79330075	0.00553673
2.79609545	0.00553576
2.79889294	0.00553246
2.80169324	0.00552873
2.80449633	0.00553262
2.80730223	0.00553138
2.81011094	0.00552908
2.81292245	0.00552984
2.81573678	0.00553254
2.81855393	0.00553004
2.82137389	0.00552934
2.82419668	0.00553177
2.82702229	0.00552656
2.82985072	0.00552905
2.83268199	0.00553026
2.83551609	0.00553536
2.83835302	0.00553506
2.84119279	0.00553847
2.84403541	0.00554251
2.84688087	0.00554712
2.84972917	0.00555236
2.85258032	0.00555410
2.85543433	0.00555132
2.85829119	0.00555023
2.86115091	0.00554996
2.86401350	0.00554929
2.86687894	0.00554911
2.86974726	0.00554776
2.87261844	0.00554489
2.87549249	0.00554185
2.87836942	0.00553833
2.88124923	0.00553527
2.88413192	0.00553135
2.88701750	0.00552768
2.88990596	0.00552406
2.89279731	0.00552030
2.89569156	0.00551704
2.89858870	0.00551354
2.90148873	0.00551080
2.90439167	0.00550970
2.90729752	0.00551205
2.91020627	0.00550955
2.91311793	0.00550777
2.91603251	0.00550616
2.91895000	0.00550480
2.92187041	0.00550331
2.92479374	0.00550205
2.92772000	0.00550034
2.93064918	0.00549838
2.93358130	0.00549570
2.93651634	0.00549321
2.93945433	0.00549083
2.94239525	0.00548848
2.94533912	0.00548678
2.94828593	0.00548513
2.95123569	0.00548342
2.95418840	0.00548248
2.95714407	0.00548235
2.96010269	0.00548100
2.96306428	0.00548057
2.96602882	0.00547963
2.96899634	0.00547925
2.97196682	0.00548045
2.97494027	0.00547869
2.97791670	0.00547823
2.98089610	0.00547688
2.98387849	0.00547658
2.98686386	0.00547660
2.98985222	0.00547557
2.99284357	0.00548892
2.99583791	0.00547908
2.99883525	0.00547747
3.00183558	0.00548150
3.00483892	0.00548495
3.00784526	0.00548801
3.01085461	0.00549157
3.01386697	0.00549434
3.01688234	0.00549814
3.01990074	0.00550130
3.02292215	0.00550400
3.02594658	0.00551050
3.02897404	0.00551223
3.03200453	0.00551218
3.03503805	0.00551446
3.03807461	0.00551284
3.04111420	0.00551224
3.04415684	0.00551046
3.04720252	0.00550770
3.05025124	0.00550650
3.05330302	0.00550521
3.05635785	0.00550399
3.05941574	0.00550183
3.06247668	0.00550042
3.06554069	0.00549798
3.06860776	0.00549655
3.07167791	0.00549543
3.07475112	0.00549970
3.07782741	0.00549494
3.08090678	0.00549458
3.08398922	0.00549375
3.08707476	0.00549088
3.09016338	0.00548856
3.09325508	0.00548624
3.09634989	0.00548449
3.09944778	0.00548277
3.10254878	0.00548070
3.10565288	0.00547972
3.10876009	0.00547780
3.11187040	0.00547624
3.11498383	0.00547524
3.11810037	0.00547375
3.12122003	0.00547263
3.12434281	0.00547155
3.12746872	0.00547078
3.13059775	0.00546957
3.13372992	0.00546897
3.13686521	0.00546929
3.14000365	0.00546898
3.14314522	0.00546944
3.14628994	0.00546711
3.14943780	0.00546574
3.15258882	0.00546509
3.15574298	0.00546446
3.15890030	0.00546276
3.16206078	0.00546111
3.16522443	0.00546013
3.16839123	0.00545997
3.17156121	0.00545981
3.17473436	0.00545929
3.17791068	0.00545824
3.18109018	0.00545734
3.18427286	0.00545640
3.18745873	0.00545606
3.19064778	0.00545464
3.19384002	0.00545269
3.19703546	0.00545348
3.20023409	0.00545576
3.20343593	0.00545273
3.20664097	0.00545183
3.20984921	0.00545450
3.21306067	0.00545416
3.21627533	0.00545322
3.21949322	0.00545359
3.22271432	0.00545343
3.22593865	0.00545463
3.22916620	0.00545644
3.23239698	0.00545867
3.23563100	0.00545979
3.23886824	0.00546348
3.24210873	0.00546835
3.24535246	0.00547199
3.24859944	0.00547315
3.25184966	0.00547673
3.25510314	0.00547301
3.25835987	0.00547205
3.26161986	0.00547582
3.26488311	0.00547653
3.26814963	0.00547584
3.27141941	0.00547513
3.27469247	0.00547505
3.27796880	0.00547466
3.28124841	0.00547394
3.28453130	0.00547269
3.28781747	0.00547161
3.29110693	0.00547053
3.29439969	0.00546984
3.29769573	0.00546899
3.30099508	0.00546827
3.30429772	0.00546797
3.30760367	0.00546830
3.31091293	0.00546900
3.31422550	0.00547071
3.31754138	0.00547315
3.32086058	0.00547607
3.32418311	0.00547965
3.32750895	0.00548374
3.33083813	0.00548834
3.33417063	0.00549331
3.33750647	0.00549827
3.34084564	0.00550305
3.34418816	0.00550605
3.34753402	0.00550836
3.35088323	0.00551052
3.35423579	0.00551083
3.35759170	0.00551052
3.36095097	0.00551032
3.36431361	0.00550949
3.36767960	0.00550879
3.37104897	0.00550832
3.37442170	0.00550761
3.37779781	0.00550692
3.38117730	0.00550555
3.38456017	0.00550396
3.38794642	0.00550169
3.39133606	0.00549944
3.39472909	0.00549671
3.39812552	0.00549417
3.40152534	0.00549203
3.40492857	0.00548961
3.40833520	0.00548694
3.41174524	0.00548421
3.41515869	0.00548179
3.41857556	0.00547955
3.42199585	0.00547865
3.42541955	0.00547995
3.42884669	0.00548307
3.43227725	0.00548559
3.43571124	0.00548619
3.43914867	0.00548508
3.44258954	0.00548365
3.44603385	0.00548244
3.44948161	0.00548185
3.45293282	0.00548098
3.45638748	0.00548028
3.45984559	0.00548009
3.46330717	0.00547931
3.46677221	0.00547871
3.47024071	0.00547708
3.47371269	0.00547625
3.47718814	0.00547439
3.48066707	0.00547391
3.48414948	0.00547327
3.48763537	0.00547046
3.49112475	0.00546872
3.49461762	0.00546759
3.49811398	0.00546496
3.50161385	0.00546394
3.50511721	0.00546226
3.50862408	0.00546081
3.51213446	0.00546038
3.51564835	0.00546494
3.51916576	0.00546963
3.52268669	0.00547471
3.52621114	0.00548112
3.52973911	0.00548812
3.53327061	0.00549358
3.53680565	0.00550180
3.54034423	0.00550978
3.54388634	0.00551764
3.54743200	0.00552474
3.55098121	0.00553414
3.55453396	0.00554009
3.55809028	0.00554563
3.56165015	0.00555107
3.56521358	0.00555321
3.56878057	0.00555936
3.57235114	0.00555987
3.57592528	0.00556134
3.57950299	0.00556329
3.58308429	0.00556218
3.58666916	0.00556069
3.59025762	0.00555905
3.59384968	0.00555667
3.59744533	0.00555309
3.60104457	0.00558249
3.60464742	0.00557627
3.60825387	0.00557045
3.61186392	0.00557787
3.61547759	0.00557379
3.61909488	0.00556526
3.62271579	0.00556648
3.62634031	0.00556714
3.62996847	0.00556248
3.63360025	0.00556141
3.63723567	0.00556233
3.64087472	0.00556113
3.64451742	0.00555897
3.64816376	0.00555979
3.65181375	0.00555794
3.65546739	0.00555682
3.65912468	0.00555654
3.66278564	0.00555456
3.66645026	0.00555241
3.67011854	0.00555064
3.67379050	0.00554735
3.67746612	0.00554412
3.68114543	0.00554150
3.68482842	0.00553889
3.68851509	0.00553589
3.69220545	0.00553295
3.69589950	0.00553036
3.69959725	0.00552759
3.70329870	0.00552485
3.70700385	0.00552300
3.71071270	0.00552108
3.71442527	0.00552061
3.71814156	0.00552108
3.72186156	0.00552122
3.72558528	0.00552227
3.72931273	0.00552350
3.73304391	0.00552421
3.73677882	0.00552556
3.74051747	0.00552549
3.74425985	0.00552612
3.74800599	0.00552621
3.75175587	0.00552627
3.75550950	0.00552874
3.75926689	0.00553345
3.76302803	0.00553482
3.76679294	0.00553401
3.77056162	0.00553795
3.77433407	0.00553315
3.77811029	0.00553193
3.78189029	0.00553213
3.78567407	0.00553166
3.78946164	0.00552602
3.79325300	0.00552634
3.79704815	0.00552647
3.80084710	0.00552530
3.80464984	0.00552509
3.80845640	0.00552370
3.81226676	0.00552137
3.81608093	0.00551899
3.81989892	0.00551810
3.82372073	0.00551473
3.82754636	0.00551394
3.83137582	0.00551293
3.83520912	0.00551253
3.83904624	0.00551171
3.84288721	0.00551069
3.84673202	0.00550955
3.85058068	0.00550722
3.85443318	0.00550623
3.85828954	0.00550725
3.86214976	0.00550598
3.86601384	0.00550615
3.86988179	0.00550523
3.87375361	0.00550392
3.87762930	0.00550287
3.88150887	0.00550132
3.88539232	0.00549994
3.88927965	0.00549863
3.89317088	0.00549790
3.89706600	0.00549592
3.90096501	0.00549359
3.90486793	0.00549177
3.90877475	0.00548929
3.91268548	0.00548772
3.91660012	0.00548626
3.92051868	0.00548411
3.92444116	0.00548312
3.92836756	0.00548196
3.93229790	0.00548132
3.93623216	0.00548164
3.94017036	0.00548189
3.94411250	0.00548289
3.94805859	0.00548494
3.95200862	0.00548887
3.95596261	0.00549372
3.95992055	0.00549789
3.96388245	0.00550220
3.96784832	0.00550641
3.97181815	0.00550921
3.97579195	0.00551274
3.97976973	0.00551474
3.98375149	0.00551718
3.98773724	0.00551904
3.99172697	0.00552035
3.99572069	0.00552105
3.99971841	0.00552522
4.00372013	0.00553080
4.00772585	0.00553212
4.01173558	0.00553528
4.01574933	0.00553831
4.01976708	0.00554269
4.02378886	0.00554650
4.02781466	0.00555036
4.03184449	0.00555438
4.03587835	0.00555911
4.03991625	0.00556386
4.04395819	0.00556836
4.04800417	0.00557286
4.05205420	0.00557735
4.05610828	0.00558239
4.06016641	0.00558721
4.06422861	0.00559243
4.06829487	0.00559808
4.07236520	0.00560076
4.07643961	0.00560166
4.08051808	0.00560135
4.08460064	0.00559986
4.08868729	0.00559720
4.09277802	0.00559876
4.09687284	0.00559828
4.10097177	0.00559999
4.10507479	0.00559998
4.10918192	0.00559953
4.11329315	0.00559828
4.11740850	0.00559638
4.12152797	0.00559405
4.12565156	0.00559174
4.12977928	0.00558865
4.13391112	0.00558606
4.13804710	0.00558261
4.14218722	0.00557970
4.14633148	0.00557665
4.15047988	0.00557299
4.15463244	0.00556980
4.15878915	0.00556661
4.16295002	0.00556354
4.16711505	0.00556016
4.17128425	0.00555743
4.17545762	0.00555634
4.17963517	0.00555435
4.18381689	0.00555198
4.18800280	0.00554997
4.19219290	0.00554999
4.19638719	0.00555287
4.20058567	0.00555570
4.20478836	0.00555463
4.20899525	0.00555850
4.21320635	0.00555758
4.21742167	0.00555876
4.22164120	0.00556058
4.22586495	0.00556326
4.23009293	0.00556191
4.23432514	0.00556381
4.23856158	0.00556633
4.24280226	0.00556563
4.24704719	0.00556327
4.25129636	0.00556479
4.25554978	0.00556080
4.25980746	0.00556140
4.26406940	0.00556928
4.26833560	0.00556514
4.27260607	0.00556766
4.27688081	0.00556796
4.28115983	0.00557602
4.28544313	0.00557470
4.28973072	0.00557286
4.29402260	0.00556740
4.29831877	0.00556581
4.30261923	0.00557600
4.30692401	0.00557175
4.31123308	0.00556845
4.31554647	0.00556865
4.31986418	0.00556620
4.32418620	0.00557297
4.32851255	0.00556962
4.33284323	0.00556642
4.33717824	0.00556528
4.34151759	0.00556256
4.34586128	0.00556158
4.35020931	0.00556434
4.35456170	0.00555903
4.35891844	0.00556007
4.36327954	0.00555254
4.36764500	0.00555786
4.37201483	0.00555709
4.37638903	0.00555515
4.38076761	0.00555195
4.38515057	0.00554995
4.38953791	0.00554756
4.39392964	0.00554843
4.39832577	0.00554599
4.40272630	0.00554264
4.40713122	0.00554244
4.41154056	0.00554015
4.41595431	0.00554231
4.42037247	0.00554093
4.42479505	0.00553769
4.42922206	0.00553619
4.43365350	0.00553730
4.43808937	0.00553329
4.44252968	0.00553524
4.44697443	0.00553485
4.45142363	0.00553319
4.45587728	0.00553153
4.46033539	0.00553166
4.46479795	0.00552811
4.46926498	0.00552794
4.47373648	0.00552593
4.47821246	0.00552398
4.48269291	0.00552222
4.48717784	0.00551906
4.49166727	0.00551732
4.49616118	0.00551412
4.50065959	0.00551152
4.50516250	0.00551029
4.50966992	0.00550994
4.51418184	0.00550879
4.51869828	0.00550346
4.52321924	0.00550284
4.52774472	0.00550024
4.53227473	0.00549915
4.53680927	0.00549808
4.54134835	0.00549694
4.54589197	0.00549600
4.55044014	0.00549423
4.55499285	0.00549246
4.55955012	0.00549842
4.56411195	0.00549205
4.56867835	0.00548962
4.57324931	0.00548967
4.57782485	0.00548799
4.58240496	0.00548769
4.58698966	0.00548690
4.59157895	0.00548968
4.59617282	0.00548756
4.60077129	0.00548630
4.60537436	0.00548774
4.60998204	0.00548821
4.61459433	0.00549040
4.61921123	0.00550266
4.62383275	0.00549091
4.62845890	0.00549033
4.63308967	0.00549098
4.63772508	0.00549110
4.64236513	0.00549191
4.64700981	0.00549309
4.65165915	0.00549318
4.65631313	0.00550012
4.66097177	0.00549542
4.66563508	0.00549777
4.67030305	0.00549840
4.67497569	0.00550080
4.67965300	0.00549989
4.68433499	0.00550139
4.68902167	0.00550302
4.69371304	0.00551495
4.69840910	0.00551842
4.70310986	0.00550758
4.70781532	0.00550955
4.71252549	0.00551040
4.71724037	0.00551756
4.72195997	0.00550639
4.72668429	0.00550692
4.73141334	0.00551095
4.73614712	0.00550204
4.74088564	0.00550587
4.74562889	0.00551543
4.75037690	0.00550147
4.75512965	0.00549939
4.75988716	0.00549815
4.76464943	0.00549972
4.76941646	0.00549954
4.77418826	0.00551843
4.77896484	0.00550724
4.78374619	0.00549391
4.78853233	0.00549467
4.79332326	0.00549750
4.79811898	0.00549845
4.80291950	0.00549970
4.80772482	0.00550679
4.81253495	0.00552826
4.81734989	0.00550504
4.82216965	0.00549683
4.82699423	0.00549451
4.83182364	0.00549716
4.83665788	0.00549381
4.84149696	0.00549532
4.84634088	0.00549867
4.85118964	0.00549341
4.85604326	0.00549624
4.86090173	0.00549932
4.86576506	0.00550313
4.87063326	0.00549881
4.87550633	0.00549497
4.88038428	0.00548921
4.88526710	0.00549336
4.89015481	0.00548906
4.89504741	0.00548973
4.89994491	0.00549040
4.90484730	0.00548535
4.90975460	0.00548431
4.91466681	0.00548511
4.91958394	0.00548166
4.92450598	0.00547872
4.92943295	0.00548031
4.93436485	0.00547454
4.93930168	0.00547530
4.94424346	0.00547341
4.94919017	0.00547039
4.95414184	0.00547157
4.95909846	0.00546991
4.96406004	0.00546812
4.96902658	0.00546892
4.97399809	0.00546961
4.97897458	0.00547191
4.98395604	0.00546911
4.98894249	0.00547680
4.99393393	0.00547571
4.99893036	0.00546973
5.00393179	0.00546858
5.00893823	0.00546887
5.01394967	0.00547028
5.01896613	0.00547333
5.02398760	0.00547359
5.02901410	0.00547459
5.03404563	0.00547690
5.03908220	0.00547841
5.04412380	0.00548078
5.04917045	0.00548168
5.05422214	0.00548329
5.05927889	0.00548555
5.06434070	0.00548704
5.06940758	0.00549088
5.07447952	0.00549203
5.07955654	0.00549363
5.08463863	0.00549625
5.08972581	0.00549834
5.09481809	0.00550115
5.09991545	0.00550260
5.10501792	0.00550526
5.11012549	0.00550727
5.11523817	0.00551014
5.12035597	0.00551392
5.12547889	0.00551666
5.13060693	0.00551805
5.13574010	0.00552141
5.14087841	0.00552435
5.14602186	0.00552783
5.15117045	0.00553138
5.15632420	0.00553305
5.16148311	0.00553647
5.16664717	0.00554014
5.17181640	0.00554485
5.17699080	0.00554244
5.18217038	0.00554312
5.18735515	0.00554375
5.19254510	0.00554387
5.19774024	0.00554459
5.20294058	0.00554379
5.20814612	0.00554471
5.21335687	0.00554607
5.21857284	0.00554342
5.22379402	0.00554225
5.22902043	0.00554208
5.23425206	0.00554122
5.23948893	0.00554080
5.24473104	0.00554032
5.24997840	0.00553972
5.25523100	0.00553919
5.26048886	0.00553788
5.26575198	0.00553725
5.27102037	0.00553641
5.27629402	0.00553553
5.28157296	0.00553398
5.28685717	0.00553180
5.29214667	0.00553036
5.29744147	0.00552677
5.30274156	0.00552427
5.30804695	0.00552135
5.31335765	0.00551846
5.31867367	0.00551693
5.32399500	0.00551234
5.32932166	0.00551023
5.33465365	0.00550645
5.33999097	0.00550358
5.34533363	0.00550209
5.35068164	0.00549934
5.35603500	0.00549768
5.36139371	0.00549579
5.36675778	0.00549461
5.37212723	0.00549254
5.37750204	0.00549192
5.38288223	0.00549067
5.38826781	0.00549020
5.39365877	0.00548938
5.39905513	0.00548796
5.40445688	0.00548730
5.40986404	0.00548616
5.41527661	0.00548493
5.42069460	0.00548420
5.42611800	0.00548360
5.43154683	0.00548194
5.43698110	0.00548165
5.44242080	0.00548044
5.44786594	0.00548008
5.45331653	0.00547999
5.45877258	0.00547893
5.46423408	0.00547845
5.46970105	0.00547795
5.47517348	0.00547760
5.48065140	0.00547734
5.48613479	0.00547604
5.49162367	0.00547554
5.49711804	0.00547623
5.50261790	0.00547504
5.50812327	0.00547414
5.51363415	0.00547418
5.51915054	0.00547356
5.52467246	0.00547374
5.53019989	0.00547322
5.53573286	0.00547293
5.54127136	0.00547297
5.54681540	0.00547303
5.55236499	0.00547210
5.55792013	0.00547133
5.56348083	0.00547044
5.56904710	0.00547118
5.57461893	0.00547043
5.58019634	0.00546959
5.58577932	0.00546940
5.59136790	0.00546956
5.59696206	0.00547033
5.60256182	0.00547085
5.60816719	0.00546762
5.61377816	0.00546871
5.61939475	0.00546915
5.62501695	0.00546825
5.63064478	0.00546649
5.63627824	0.00546653
5.64191734	0.00546834
5.64756208	0.00546777
5.65321247	0.00546813
5.65886851	0.00546803
5.66453021	0.00546911
5.67019757	0.00547024
5.67587060	0.00547273
5.68154931	0.00547324
5.68723370	0.00547511
5.69292378	0.00547689
5.69861955	0.00547844
5.70432102	0.00548141
5.71002820	0.00548277
5.71574108	0.00548458
5.72145968	0.00548704
5.72718400	0.00548912
5.73291405	0.00549056
5.73864983	0.00549223
5.74439135	0.00549365
5.75013862	0.00549539
5.75589163	0.00549660
5.76165040	0.00549796
5.76741493	0.00549853
5.77318523	0.00549789
5.77896131	0.00549851
5.78474316	0.00550010
5.79053079	0.00549953
5.79632422	0.00549823
5.80212344	0.00549646
5.80792847	0.00549522
5.81373930	0.00549514
5.81955595	0.00549663
5.82537842	0.00549818
5.83120671	0.00549833
5.83704083	0.00550033
5.84288079	0.00551267
5.84872660	0.00551625
5.85457825	0.00550811
5.86043575	0.00550384
5.86629912	0.00550383
5.87216835	0.00550419
5.87804346	0.00550426
5.88392444	0.00550527
5.88981131	0.00550114
5.89570407	0.00550118
5.90160272	0.00550051
5.90750728	0.00549988
5.91341774	0.00550064
5.91933411	0.00550018
5.92525641	0.00549974
5.93118463	0.00549991
5.93711878	0.00550054
5.94305887	0.00550083
5.94900490	0.00550084
5.95495688	0.00550153
5.96091481	0.00550136
5.96687871	0.00550224
5.97284857	0.00550266
5.97882441	0.00550347
5.98480622	0.00550421
5.99079402	0.00550514
5.99678781	0.00550633
6.00278760	0.00550702
6.00879339	0.00550799
6.01480519	0.00550959
6.02082300	0.00551033
6.02684684	0.00551188
6.03287670	0.00551339
6.03891259	0.00551477
6.04495453	0.00551620
6.05100251	0.00551863
6.05705653	0.00551966
6.06311662	0.00552076
6.06918277	0.00552292
6.07525499	0.00552394
6.08133328	0.00552698
6.08741766	0.00552840
6.09350812	0.00553182
6.09960467	0.00553242
6.10570733	0.00553513
6.11181609	0.00553639
6.11793096	0.00553978
6.12405196	0.00554234
6.13017907	0.00554372
6.13631232	0.00554524
6.14245170	0.00554608
6.14859722	0.00554791
6.15474889	0.00554910
6.16090672	0.00555023
6.16707071	0.00555134
6.17324086	0.00555192
6.17941719	0.00555262
6.18559970	0.00555313
6.19178839	0.00555402
6.19798328	0.00555414
6.20418436	0.00555522
6.21039165	0.00555425
6.21660515	0.00555502
6.22282486	0.00555633
6.22905080	0.00555732
6.23528297	0.00555905
6.24152137	0.00556105
6.24776601	0.00556258
6.25401690	0.00556389
6.26027405	0.00556616
6.26653745	0.00557067
6.27280712	0.00556986
6.27908307	0.00556383
6.28536529	0.00556075
6.29165380	0.00556643
6.29794860	0.00556421
6.30424970	0.00556147
6.31055710	0.00556147
6.31687082	0.00556117
6.32319085	0.00555834
6.32951720	0.00555912
6.33584988	0.00556084
6.34218890	0.00556204
6.34853426	0.00556116
6.35488597	0.00556016
6.36124404	0.00555901
6.36760846	0.00555868
6.37397926	0.00555643
6.38035642	0.00555481
6.38673997	0.00555365
6.39312991	0.00556767
6.39952623	0.00556656
6.40592896	0.00556246
6.41233809	0.00555871
6.41875364	0.00555396
6.42517560	0.00556108
6.43160399	0.00555531
6.43803881	0.00555083
6.44448007	0.00554868
6.45092778	0.00554851
6.45738193	0.00554867
6.46384254	0.00554888
6.47030962	0.00554958
6.47678316	0.00555094
6.48326319	0.00555147
6.48974969	0.00555243
6.49624269	0.00555227
6.50274218	0.00555214
6.50924817	0.00555173
6.51576068	0.00554906
6.52227970	0.00554854
6.52880524	0.00554596
6.53533731	0.00554439
6.54187592	0.00554287
6.54842106	0.00554288
6.55497276	0.00554469
6.56153101	0.00554861
6.56809582	0.00554899
6.57466721	0.00554990
6.58124516	0.00554880
6.58782970	0.00554742
6.59442082	0.00554662
6.60101854	0.00554525
6.60762286	0.00554364
6.61423379	0.00554206
6.62085133	0.00554107
6.62747549	0.00553968
6.63410629	0.00553911
6.64074371	0.00553825
6.64738777	0.00553695
6.65403849	0.00553701
6.66069585	0.00553763
6.66735988	0.00553540
6.67403058	0.00553384
6.68070794	0.00553259
6.68739199	0.00552984
6.69408273	0.00552976
6.70078016	0.00552786
6.70748429	0.00552756
6.71419513	0.00552750
6.72091269	0.00552800
6.72763696	0.00552646
6.73436796	0.00552582
6.74110570	0.00552618
6.74785018	0.00552455
6.75460140	0.00552438
6.76135938	0.00552466
6.76812412	0.00552432
6.77489563	0.00552373
6.78167392	0.00552468
6.78845898	0.00552495
6.79525084	0.00552590
6.80204949	0.00552647
6.80885494	0.00552773
6.81566720	0.00552900
6.82248627	0.00553096
6.82931217	0.00553248
6.83614490	0.00553490
6.84298446	0.00553601
6.84983087	0.00553841
6.85668413	0.00553967
6.86354424	0.00554077
6.87041122	0.00554381
6.87728507	0.00554540
6.88416579	0.00554819
6.89105340	0.00554975
6.89794790	0.00555216
6.90484930	0.00555226
6.91175760	0.00555693
6.91867282	0.00555596
6.92559495	0.00555869
6.93252401	0.00556111
6.93946000	0.00556064
6.94640293	0.00556803
6.95335281	0.00556961
6.96030964	0.00557083
6.96727343	0.00557243
6.97424419	0.00557610
6.98122192	0.00557788
6.98820663	0.00558126
6.99519834	0.00558299
7.00219703	0.00558575
7.00920273	0.00558931
7.01621544	0.00559177
7.02323517	0.00559289
7.03026191	0.00559674
7.03729569	0.00559926
7.04433651	0.00560155
7.05138437	0.00560514
7.05843928	0.00560758
7.06550125	0.00560948
7.07257028	0.00561208
7.07964639	0.00561478
7.08672958	0.00561681
7.09381985	0.00561915
7.10091722	0.00562203
7.10802169	0.00562390
7.11513327	0.00562747
7.12225196	0.00562874
7.12937777	0.00563050
7.13651072	0.00563104
7.14365080	0.00563177
7.15079802	0.00563285
7.15795239	0.00563333
7.16511393	0.00563317
7.17228262	0.00563367
7.17945849	0.00563403
7.18664154	0.00563292
7.19383178	0.00563319
7.20102921	0.00563181
7.20823384	0.00563224
7.21544568	0.00563073
7.22266473	0.00563171
7.22989101	0.00563186
7.23712452	0.00563218
7.24436526	0.00563135
7.25161325	0.00563252
7.25886849	0.00563278
7.26613099	0.00563345
7.27340076	0.00563369
7.28067780	0.00563322
7.28796211	0.00563284
7.29525372	0.00563305
7.30255262	0.00563245
7.30985883	0.00563119
7.31717234	0.00562985
7.32449318	0.00562961
7.33182133	0.00562669
7.33915682	0.00562542
7.34649965	0.00562475
7.35384982	0.00562245
7.36120735	0.00562084
7.36857224	0.00561945
7.37594450	0.00561732
7.38332413	0.00561530
7.39071115	0.00561373
7.39810556	0.00561119
7.40550736	0.00560893
7.41291657	0.00560710
7.42033320	0.00560490
7.42775724	0.00560315
7.43518872	0.00560090
7.44262762	0.00559866
7.45007397	0.00559697
7.45752777	0.00559440
7.46498903	0.00559249
7.47245775	0.00559083
7.47993395	0.00558855
7.48741762	0.00558641
7.49490879	0.00558463
7.50240744	0.00558203
7.50991360	0.00558106
7.51742727	0.00557869
7.52494846	0.00557631
7.53247717	0.00557477
7.54001342	0.00557311
7.54755720	0.00557063
7.55510854	0.00556869
7.56266742	0.00556739
7.57023387	0.00556555
7.57780789	0.00556272
7.58538949	0.00556009
7.59297867	0.00555947
7.60057545	0.00555705
7.60817983	0.00555457
7.61579181	0.00555421
7.62341141	0.00555159
7.63103864	0.00554921
7.63867349	0.00554772
7.64631599	0.00554535
7.65396613	0.00554369
7.66162392	0.00554147
7.66928938	0.00554021
7.67696250	0.00553827
7.68464331	0.00553630
7.69233179	0.00553458
7.70002797	0.00553171
7.70773185	0.00553077
7.71544344	0.00552864
7.72316274	0.00552641
7.73088977	0.00552519
7.73862452	0.00552251
7.74636702	0.00552190
7.75411726	0.00551922
7.76187526	0.00551761
7.76964101	0.00551625
7.77741454	0.00551394
7.78519584	0.00551214
7.79298493	0.00551074
7.80078182	0.00550904
7.80858650	0.00550780
7.81639899	0.00550593
7.82421930	0.00550407
7.83204743	0.00550299
7.83988340	0.00550099
7.84772720	0.00550059
7.85557886	0.00549808
7.86343836	0.00549730
7.87130574	0.00549612
7.87918098	0.00549457
7.88706410	0.00549314
7.89495511	0.00549278
7.90285401	0.00549103
7.91076082	0.00549045
7.91867554	0.00548870
7.92659817	0.00548828
7.93452874	0.00548714
7.94246723	0.00548656
7.95041367	0.00548609
7.95836806	0.00548499
7.96633041	0.00548496
7.97430073	0.00548451
7.98227902	0.00548381
7.99026529	0.00548286
7.99825955	0.00548294
8.00626181	0.00548244
8.01427208	0.00548246
8.02229036	0.00548134
8.03031666	0.00548124
8.03835099	0.00548125
8.04639336	0.00548090
8.05444378	0.00548102
8.06250225	0.00548056
8.07056879	0.00548060
8.07864339	0.00548162
8.08672608	0.00548124
8.09481685	0.00548155
8.10291571	0.00548285
8.11102268	0.00548202
8.11913776	0.00548155
8.12726096	0.00548329
8.13539229	0.00548260
8.14353175	0.00548299
8.15167935	0.00548429
8.15983511	0.00548590
8.16799903	0.00548458
8.17617111	0.00548629
8.18435137	0.00548815
8.19253982	0.00548608
8.20073645	0.00548650
8.20894129	0.00548840
8.21715434	0.00548762
8.22537560	0.00549081
8.23360509	0.00548888
8.24184282	0.00549022
8.25008878	0.00548888
8.25834300	0.00549262
8.26660547	0.00549316
8.27487621	0.00549195
8.28315523	0.00549162
8.29144252	0.00549417
8.29973811	0.00549197
8.30804200	0.00549372
8.31635420	0.00549542
8.32467471	0.00549488
8.33300355	0.00549711
8.34134072	0.00549481
8.34968624	0.00549639
8.35804010	0.00549911
8.36640232	0.00549747
8.37477291	0.00549898
8.38315187	0.00549968
8.39153921	0.00549757
8.39993495	0.00550293
8.40833909	0.00550042
8.41675163	0.00550066
8.42517259	0.00550450
8.43360198	0.00550068
8.44203980	0.00550130
8.45048606	0.00550834
8.45894077	0.00550419
8.46740394	0.00550393
8.47587558	0.00550806
8.48435570	0.00550458
8.49284430	0.00550871
8.50134139	0.00551016
8.50984698	0.00550643
8.51836109	0.00550960
8.52688371	0.00551003
8.53541486	0.00550770
8.54395454	0.00551314
8.55250277	0.00551280
8.56105955	0.00550812
8.56962489	0.00551288
8.57819880	0.00551192
8.58678129	0.00550768
8.59537237	0.00551372
8.60397204	0.00550875
8.61258031	0.00550900
8.62119720	0.00551204
8.62982271	0.00550794
8.63845685	0.00550874
8.64709963	0.00550531
8.65575105	0.00550524
8.66441113	0.00550318
8.67307988	0.00550466
8.68175730	0.00550242
8.69044340	0.00550225
8.69913819	0.00550299
8.70784167	0.00550028
8.71655387	0.00550246
8.72527479	0.00550279
8.73400442	0.00550240
8.74274280	0.00550674
8.75148991	0.00550426
8.76024578	0.00550526
8.76901041	0.00550765
8.77778380	0.00550801
8.78656598	0.00550789
8.79535694	0.00550627
8.80415669	0.00551182
8.81296526	0.00550635
8.82178263	0.00550704
8.83060882	0.00551664
8.83944385	0.00550682
8.84828771	0.00550646
8.85714043	0.00551738
8.86600200	0.00550925
8.87487243	0.00550534
8.88375175	0.00551413
8.89263994	0.00551193
8.90153703	0.00550707
8.91044302	0.00551179
8.91935792	0.00551109
8.92828174	0.00550875
8.93721448	0.00551112
8.94615617	0.00551005
8.95510680	0.00550889
8.96406638	0.00551122
8.97303493	0.00550914
8.98201246	0.00550864
8.99099896	0.00551127
8.99999446	0.00550984
9.00899895	0.00550881
9.01801246	0.00551153
9.02703498	0.00551159
9.03606653	0.00551090
9.04510712	0.00551240
9.05415675	0.00551314
9.06321544	0.00551332
9.07228318	0.00551396
9.08136000	0.00551535
9.09044591	0.00551560
9.09954090	0.00551639
9.10864499	0.00551749
9.11775819	0.00551721
9.12688051	0.00551829
9.13601196	0.00551768
9.14515254	0.00552011
9.15430226	0.00552046
9.16346115	0.00552103
9.17262919	0.00552057
9.18180641	0.00552269
9.19099281	0.00552250
9.20018840	0.00552335
9.20939319	0.00552459
9.21860719	0.00552449
9.22783040	0.00552620
9.23706285	0.00552605
9.24630453	0.00552660
9.25555546	0.00552654
9.26481565	0.00552856
9.27408510	0.00552870
9.28336382	0.00553027
9.29265183	0.00552951
9.30194913	0.00553097
9.31125573	0.00553103
9.32057164	0.00553213
9.32989687	0.00553356
9.33923144	0.00553381
9.34857534	0.00553333
9.35792859	0.00553515
9.36729120	0.00553591
9.37666318	0.00553653
9.38604453	0.00553710
9.39543527	0.00553953
9.40483540	0.00553843
9.41424494	0.00553878
9.42366390	0.00553985
9.43309227	0.00554881
9.44253008	0.00554664
9.45197734	0.00554285
9.46143404	0.00553961
9.47090021	0.00553794
9.48037585	0.00553645
9.48986096	0.00553430
9.49935557	0.00553330
9.50885968	0.00553080
9.51837329	0.00552997
9.52789643	0.00552771
9.53742909	0.00552639
9.54697129	0.00552355
9.55652303	0.00552515
9.56608434	0.00552292
9.57565521	0.00552059
9.58523565	0.00552237
9.59482568	0.00551958
9.60442531	0.00552034
9.61403454	0.00551889
9.62365338	0.00552065
9.63328185	0.00551792
9.64291995	0.00551943
9.65256769	0.00552000
9.66222508	0.00551875
9.67189214	0.00551977
9.68156887	0.00551937
9.69125528	0.00552019
9.70095139	0.00551884
9.71065719	0.00552044
9.72037270	0.00551865
9.73009794	0.00551918
9.73983290	0.00551934
9.74957761	0.00551830
9.75933206	0.00551600
9.76909627	0.00551969
9.77887026	0.00551403
9.78865402	0.00551485
9.79844757	0.00551438
9.80825092	0.00551220
9.81806407	0.00551217
9.82788705	0.00551068
9.83771985	0.00551014
9.84756249	0.00550792
9.85741498	0.00550922
9.86727732	0.00550570
9.87714954	0.00550832
9.88703163	0.00550372
9.89692360	0.00550464
9.90682548	0.00550422
9.91673726	0.00550137
9.92665895	0.00550251
9.93659058	0.00550137
9.94653214	0.00550082
9.95648365	0.00549975
9.96644511	0.00549997
9.97641654	0.00549837
9.98639795	0.00549798
9.99638934	0.00549930
10.00639073	0.00549565
10.01640212	0.00549911
10.02642354	0.00549615
10.03645497	0.00549686
10.04649645	0.00549622
10.05654797	0.00549556
10.06660955	0.00549612
10.07668119	0.00549534
10.08676291	0.00549537
10.09685472	0.00549444
10.10695663	0.00549415
10.11706864	0.00549486
10.12719077	0.00549406
10.13732302	0.00549451
10.14746542	0.00549378
10.15761796	0.00549418
10.16778066	0.00549395
10.17795352	0.00549362
10.18813657	0.00549013
10.19832980	0.00549311
10.20853323	0.00549352
10.21874687	0.00549357
10.22897073	0.00549288
10.23920481	0.00548841
10.24944914	0.00549290
10.25970371	0.00549225
10.26996855	0.00549145
10.28024366	0.00548685
10.29052904	0.00549142
10.30082472	0.00549159
10.31113069	0.00548523
10.32144698	0.00549059
10.33177359	0.00549014
10.34211053	0.00548306
10.35245782	0.00548868
10.36281545	0.00548860
10.37318345	0.00548268
10.38356182	0.00548741
10.39395058	0.00548463
10.40434973	0.00548239
10.41475928	0.00548116
10.42517925	0.00548478
10.43560964	0.00548648
10.44605047	0.00548421
10.45650175	0.00548869
10.46696348	0.00548244
10.47743568	0.00549119
10.48791835	0.00548456
10.49841152	0.00549123
10.50891518	0.00549102
10.51942935	0.00548600
10.52995404	0.00549036
10.54048926	0.00548516
10.55103502	0.00549050
10.56159134	0.00548626
10.57215821	0.00549397
10.58273566	0.00548313
10.59332368	0.00548986
10.60392231	0.00548681
10.61453153	0.00549083
10.62515137	0.00548661
10.63578184	0.00549099
10.64642294	0.00548709
10.65707469	0.00549164
10.66773709	0.00548585
10.67841017	0.00549120
10.68909392	0.00548372
10.69978836	0.00548984
10.71049350	0.00548720
10.72120935	0.00549152
10.73193592	0.00548437
10.74267322	0.00549021
10.75342127	0.00548589
10.76418007	0.00549069
10.77494963	0.00548194
10.78572997	0.00549324
10.79652110	0.00548609
10.80732302	0.00549188
10.81813575	0.00548783
10.82895929	0.00548774
10.83979367	0.00549021
10.85063888	0.00548818
10.86149495	0.00549173
10.87236188	0.00548923
10.88323968	0.00549153
10.89412836	0.00548981
10.90502794	0.00549272
10.91593842	0.00549051
10.92685982	0.00549714
10.93779214	0.00549487
10.94873541	0.00549350
10.95968962	0.00549455
10.97065479	0.00549348
10.98163093	0.00549396
10.99261806	0.00549583
11.00361617	0.00549417
11.01462529	0.00549557
11.02564543	0.00549520
11.03667659	0.00549492
11.04771878	0.00549730
11.05877203	0.00549583
11.06983633	0.00549605
11.08091170	0.00549839
11.09199816	0.00549371
11.10309570	0.00549890
11.11420435	0.00549267
11.12532412	0.00549851
11.13645500	0.00549448
11.14759703	0.00549500
11.15875020	0.00549452
11.16991453	0.00549315
11.18109004	0.00549349
11.19227672	0.00549261
11.20347459	0.00549499
11.21468367	0.00549244
11.22590396	0.00549565
11.23713548	0.00549320
11.24837824	0.00549567
11.25963224	0.00549542
11.27089751	0.00549635
11.28217404	0.00549883
11.29346186	0.00550028
11.30476097	0.00550121
11.31607138	0.00550123
11.32739312	0.00550326
11.33872617	0.00550752
11.35007057	0.00550649
11.36142632	0.00550717
11.37279343	0.00550765
11.38417191	0.00550941
11.39556178	0.00550871
11.40696304	0.00550905
11.41837571	0.00551014
11.42979979	0.00551014
11.44123531	0.00551115
11.45268227	0.00551092
11.46414068	0.00551242
11.47561055	0.00551216
11.48709190	0.00551033
11.49858474	0.00551204
11.51008908	0.00551025
11.52160492	0.00551119
11.53313229	0.00551091
11.54467119	0.00550989
11.55622163	0.00550966
11.56778364	0.00551643
11.57935721	0.00551254
11.59094235	0.00551189
11.60253909	0.00551042
11.61414744	0.00551096
11.62576739	0.00550835
11.63739898	0.00551055
11.64904220	0.00551097
11.66069706	0.00551822
11.67236359	0.00551029
11.68404180	0.00551130
11.69573168	0.00551043
11.70743326	0.00551107
11.71914655	0.00551087
11.73087156	0.00551123
11.74260830	0.00551124
11.75435678	0.00551110
11.76611702	0.00551123
11.77788902	0.00551144
11.78967280	0.00551149
11.80146837	0.00551114
11.81327574	0.00551163
11.82509492	0.00551074
11.83692593	0.00551165
11.84876878	0.00551143
11.86062347	0.00551078
11.87249003	0.00551040
11.88436846	0.00550991
11.89625877	0.00551120
11.90816098	0.00551031
11.92007510	0.00550970
11.93200113	0.00550962
11.94393910	0.00550861
11.95588902	0.00550823
11.96785088	0.00550849
11.97982472	0.00550820
11.99181054	0.00550676
12.00380835	0.00550721
12.01581816	0.00550630
12.02783999	0.00550642
12.03987384	0.00550673
12.05191974	0.00551045
12.06397769	0.00550866
12.07604770	0.00552230
12.08812979	0.00550040
12.10022396	0.00550515
12.11233024	0.00549961
12.12444863	0.00550024
12.13657914	0.00549797
12.14872179	0.00549892
12.16087659	0.00549603
12.17304355	0.00549739
12.18522268	0.00549664
12.19741399	0.00549538
12.20961751	0.00549575
12.22183323	0.00549347
12.23406118	0.00549536
12.24630136	0.00549132
12.25855379	0.00549580
12.27081847	0.00549020
12.28309543	0.00549686
12.29538467	0.00548975
12.30768620	0.00549619
12.32000004	0.00549002
12.33232621	0.00549477
12.34466470	0.00548882
12.35701554	0.00549528
12.36937874	0.00548856
12.38175430	0.00549295
12.39414225	0.00548873
12.40654259	0.00549251
12.41895534	0.00548927
12.43138050	0.00549447
12.44381810	0.00548934
12.45626814	0.00549419
12.46873064	0.00548872
12.48120561	0.00549478
12.49369306	0.00549181
12.50619300	0.00549225
12.51870545	0.00549309
12.53123042	0.00549576
12.54376791	0.00549371
12.55631796	0.00549220
12.56888055	0.00549636
12.58145572	0.00549740
12.59404347	0.00550189
12.60664381	0.00550397
12.61925676	0.00551812
12.63188233	0.00552702
12.64452053	0.00550676
12.65717137	0.00549667
12.66983488	0.00549472
12.68251105	0.00549738
12.69519990	0.00549662
12.70790145	0.00549381
12.72061571	0.00549516
12.73334269	0.00549507
12.74608240	0.00549676
12.75883486	0.00549736
12.77160007	0.00549643
12.78437806	0.00549898
12.79716883	0.00550691
12.80997240	0.00550484
12.82278878	0.00550758
12.83561799	0.00549866
12.84846002	0.00550801
12.86131491	0.00550100
12.87418266	0.00550402
12.88706328	0.00550049
12.89995679	0.00549926
12.91286320	0.00550596
12.92578252	0.00549934
12.93871477	0.00550555
12.95165995	0.00549760
12.96461809	0.00550797
12.97758919	0.00551472
12.99057327	0.00551898
13.00357034	0.00551402
13.01658042	0.00551012
13.02960351	0.00551341
13.04263963	0.00551500
13.05568879	0.00550929
13.06875101	0.00550836
13.08182630	0.00550580
13.09491467	0.00550932
13.10801613	0.00550462
13.12113071	0.00551077
13.13425840	0.00550313
13.14739923	0.00551223
13.16055320	0.00550701
13.17372034	0.00551128
13.18690065	0.00550518
13.20009414	0.00552607
13.21330084	0.00553244
13.22652075	0.00552383
13.23975389	0.00552029
13.25300026	0.00552637
13.26625989	0.00552524
13.27953279	0.00552260
13.29281896	0.00551441
13.30611843	0.00551841
13.31943120	0.00551122
13.33275729	0.00551997
13.34609672	0.00551125
13.35944949	0.00551861
13.37281562	0.00551096
13.38619513	0.00551928
13.39958802	0.00551104
13.41299431	0.00551977
13.42641401	0.00551286
13.43984714	0.00551706
13.45329371	0.00551324
13.46675373	0.00551639
13.48022722	0.00553877
13.49371419	0.00555452
13.50721466	0.00553894
13.52072863	0.00553335
13.53425612	0.00552713
13.54779714	0.00553404
13.56135172	0.00552392
13.57491985	0.00552364
13.58850156	0.00552548
13.60209686	0.00551966
13.61570576	0.00552581
13.62932827	0.00551793
13.64296442	0.00552721
13.65661421	0.00551490
13.67027765	0.00552762
13.68395477	0.00551971
13.69764557	0.00552525
13.71135006	0.00551385
13.72506827	0.00552591
13.73880020	0.00551455
13.75254588	0.00552881
13.76630530	0.00551670
13.78007849	0.00552612
13.79386546	0.00552333
13.80766623	0.00552643
13.82148080	0.00552345
13.83530919	0.00552138
13.84915142	0.00552819
13.86300750	0.00552325
13.87687744	0.00555664
13.89076126	0.00556008
13.90465897	0.00554746
13.91857058	0.00553986
13.93249612	0.00553517
13.94643558	0.00553093
13.96038899	0.00552995
13.97435636	0.00552726
13.98833771	0.00553470
14.00233304	0.00551956
14.01634238	0.00553458
14.03036573	0.00552427
14.04440312	0.00553079
14.05845454	0.00553012
14.07252003	0.00553190
14.08659959	0.00553217
14.10069323	0.00553179
14.11480098	0.00553723
14.12892284	0.00552622
14.14305883	0.00553433
14.15720896	0.00553128
14.17137325	0.00553678
14.18555171	0.00553578
14.19974436	0.00553679
14.21395121	0.00554194
14.22817227	0.00553012
14.24240756	0.00553877
14.25665709	0.00553400
14.27092087	0.00554081
14.28519893	0.00553646
14.29949128	0.00553144
14.31379792	0.00554434
14.32811888	0.00553451
14.34245416	0.00553626
14.35680379	0.00554531
14.37116778	0.00553816
14.38554613	0.00553804
14.39993887	0.00553700
14.41434601	0.00554860
14.42876757	0.00553811
14.44320355	0.00554209
14.45765398	0.00554564
14.47211887	0.00553824
14.48659822	0.00555166
14.50109207	0.00554508
14.51560041	0.00556069
14.53012327	0.00553376
14.54466066	0.00554039
14.55921260	0.00554526
14.57377909	0.00553820
14.58836016	0.00554985
14.60295582	0.00553703
14.61756608	0.00557230
14.63219096	0.00553731
14.64683047	0.00554188
14.66148462	0.00555183
14.67615344	0.00554993
14.69083693	0.00555025
14.70553512	0.00554141
14.72024801	0.00554799
14.73497562	0.00553984
14.74971797	0.00553935
14.76447506	0.00554526
14.77924692	0.00554195
14.79403356	0.00554768
14.80883499	0.00553690
14.82365123	0.00555048
14.83848230	0.00554291
14.85332820	0.00554382
14.86818896	0.00555076
14.88306459	0.00555242
14.89795510	0.00555902
14.91286050	0.00556614
14.92778082	0.00557990
14.94271607	0.00559190
14.95766626	0.00560510
14.97263141	0.00560453
14.98761153	0.00556204