0.30005904	0.00534537
0.30035924	0.00534528
0.30065975	0.00534518
0.30096056	0.00534509
0.30126168	0.00534500
0.30156309	0.00534491
0.30186480	0.00534481
0.30216682	0.00534472
0.30246914	0.00534463
0.30277176	0.00534454
0.30307468	0.00534445
0.30337791	0.00534436
0.30368143	0.00534427
0.30398527	0.00534418
0.30428941	0.00534407
0.30459385	0.00534399
0.30489859	0.00534390
0.30520364	0.00534379
0.30550900	0.00534372
0.30581466	0.00534362
0.30612063	0.00534351
0.30642690	0.00534372
0.30673348	0.00534383
0.30704037	0.00534371
0.30734756	0.00534332
0.30765507	0.00534318
0.30796288	0.00534331
0.30827099	0.00534321
0.30857942	0.00534309
0.30888815	0.00534280
0.30919719	0.00534350
0.30950655	0.00534286
0.30981621	0.00534275
0.31012618	0.00534260
0.31043646	0.00534243
0.31074705	0.00534243
0.31105795	0.00534206
0.31136917	0.00534214
0.31168069	0.00534193
0.31199253	0.00534182
0.31230468	0.00534175
0.31261714	0.00534160
0.31292991	0.00534153
0.31324300	0.00534137
0.31355640	0.00534130
0.31387011	0.00534121
0.31418414	0.00534109
0.31449848	0.00534099
0.31481314	0.00534091
0.31512811	0.00534077
0.31544339	0.00534070
0.31575899	0.00534056
0.31607491	0.00534047
0.31639114	0.00534038
0.31670769	0.00534026
0.31702456	0.00534017
0.31734174	0.00534005
0.31765924	0.00533997
0.31797706	0.00533986
0.31829520	0.00533976
0.31861365	0.00533967
0.31893242	0.00533956
0.31925152	0.00533946
0.31957093	0.00533936
0.31989066	0.00533926
0.32021071	0.00533916
0.32053108	0.00533906
0.32085177	0.00533896
0.32117278	0.00533886
0.32149412	0.00533876
0.32181577	0.00533867
0.32213775	0.00533856
0.32246005	0.00533846
0.32278267	0.00533836
0.32310561	0.00533826
0.32342888	0.00533816
0.32375247	0.00533806
0.32407638	0.00533796
0.32440062	0.00533786
0.32472519	0.00533776
0.32505007	0.00533766
0.32537529	0.00533756
0.32570082	0.00533746
0.32602669	0.00533736
0.32635288	0.00533726
0.32667939	0.00533716
0.32700624	0.00533705
0.32733341	0.00533695
0.32766090	0.00533685
0.32798873	0.00533675
0.32831688	0.00533665
0.32864536	0.00533655
0.32897417	0.00533645
0.32930331	0.00533634
0.32963278	0.00533624
0.32996258	0.00533614
0.33029270	0.00533620
0.33062316	0.00533594
0.33095395	0.00533583
0.33128507	0.00533573
0.33161652	0.00533563
0.33194830	0.00533552
0.33228042	0.00533542
0.33261286	0.00533532
0.33294564	0.00533521
0.33327875	0.00533511
0.33361220	0.00533501
0.33394598	0.00533490
0.33428009	0.00533480
0.33461454	0.00533470
0.33494932	0.00533459
0.33528444	0.00533449
0.33561989	0.00533438
0.33595568	0.00533428
0.33629180	0.00533418
0.33662826	0.00533407
0.33696506	0.00533397
0.33730219	0.00533386
0.33763966	0.00533376
0.33797747	0.00533365
0.33831562	0.00533355
0.33865410	0.00533344
0.33899293	0.00533334
0.33933209	0.00533323
0.33967159	0.00533313
0.34001143	0.00533303
0.34035161	0.00533292
0.34069214	0.00533282
0.34103300	0.00533271
0.34137420	0.00533260
0.34171575	0.00533250
0.34205763	0.00533239
0.34239986	0.00533228
0.34274243	0.00533218
0.34308535	0.00533207
0.34342860	0.00533197
0.34377220	0.00533186
0.34411615	0.00533175
0.34446044	0.00533165
0.34480507	0.00533158
0.34515005	0.00533143
0.34549537	0.00533132
0.34584104	0.00533122
0.34618705	0.00533111
0.34653341	0.00533100
0.34688012	0.00533090
0.34722717	0.00533079
0.34757457	0.00533068
0.34792232	0.00533057
0.34827042	0.00533046
0.34861886	0.00533036
0.34896766	0.00533025
0.34931680	0.00533014
0.34966629	0.00533003
0.35001613	0.00532992
0.35036632	0.00532982
0.35071686	0.00532971
0.35106776	0.00532960
0.35141900	0.00532949
0.35177059	0.00532938
0.35212254	0.00532927
0.35247484	0.00532916
0.35282749	0.00532906
0.35318049	0.00532895
0.35353385	0.00532884
0.35388756	0.00532873
0.35424163	0.00532862
0.35459605	0.00532851
0.35495082	0.00532841
0.35530595	0.00532830
0.35566143	0.00532819
0.35601727	0.00532808
0.35637347	0.00532798
0.35673002	0.00532787
0.35708693	0.00532777
0.35744419	0.00532766
0.35780181	0.00532756
0.35815979	0.00532746
0.35851813	0.00532736
0.35887683	0.00532726
0.35923589	0.00532717
0.35959530	0.00532708
0.35995508	0.00532700
0.36031521	0.00532686
0.36067571	0.00532672
0.36103656	0.00532659
0.36139778	0.00532646
0.36175936	0.00532634
0.36212130	0.00532622
0.36248360	0.00532610
0.36284627	0.00532598
0.36320930	0.00532587
0.36357269	0.00532575
0.36393644	0.00532564
0.36430056	0.00532552
0.36466504	0.00532541
0.36502989	0.00532530
0.36539510	0.00532519
0.36576068	0.00532507
0.36612662	0.00532496
0.36649293	0.00532485
0.36685961	0.00532474
0.36722665	0.00532462
0.36759406	0.00532451
0.36796184	0.00532440
0.36832999	0.00532429
0.36869850	0.00532417
0.36906738	0.00532406
0.36943664	0.00532395
0.36980626	0.00532384
0.37017625	0.00532372
0.37054661	0.00532361
0.37091734	0.00532350
0.37128845	0.00532338
0.37165992	0.00532327
0.37203177	0.00532316
0.37240398	0.00532305
0.37277657	0.00532293
0.37314954	0.00532282
0.37352287	0.00532271
0.37389658	0.00532259
0.37427067	0.00532248
0.37464512	0.00532237
0.37501996	0.00532225
0.37539516	0.00532214
0.37577075	0.00532203
0.37614671	0.00532192
0.37652304	0.00532181
0.37689975	0.00532170
0.37727684	0.00532159
0.37765431	0.00532148
0.37803215	0.00532137
0.37841037	0.00532127
0.37878897	0.00532117
0.37916795	0.00532107
0.37954731	0.00532098
0.37992704	0.00532090
0.38030716	0.00532078
0.38068766	0.00532065
0.38106853	0.00532052
0.38144979	0.00532039
0.38183143	0.00532027
0.38221346	0.00532014
0.38259586	0.00532002
0.38297865	0.00531990
0.38336182	0.00531978
0.38374537	0.00531966
0.38412931	0.00531954
0.38451363	0.00531942
0.38489834	0.00531930
0.38528343	0.00531919
0.38566890	0.00531907
0.38605477	0.00531895
0.38644101	0.00531884
0.38682765	0.00531872
0.38721467	0.00531860
0.38760208	0.00531849
0.38798987	0.00531837
0.38837806	0.00531826
0.38876663	0.00531814
0.38915559	0.00531803
0.38954494	0.00531791
0.38993468	0.00531779
0.39032481	0.00531768
0.39071533	0.00531756
0.39110624	0.00531745
0.39149754	0.00531733
0.39188924	0.00531722
0.39228132	0.00531710
0.39267380	0.00531699
0.39306667	0.00531687
0.39345993	0.00531676
0.39385359	0.00531664
0.39424764	0.00531653
0.39464209	0.00531641
0.39503692	0.00531630
0.39543216	0.00531618
0.39582779	0.00531607
0.39622381	0.00531595
0.39662024	0.00531584
0.39701706	0.00531572
0.39741427	0.00531561
0.39781188	0.00531549
0.39820990	0.00531538
0.39860830	0.00531526
0.39900711	0.00531515
0.39940632	0.00531503
0.39980592	0.00531492
0.40020593	0.00531480
0.40060634	0.00531469
0.40100714	0.00531457
0.40140835	0.00531446
0.40180996	0.00531434
0.40221197	0.00531423
0.40261438	0.00531411
0.40301720	0.00531400
0.40342042	0.00531388
0.40382404	0.00531377
0.40422807	0.00531368
0.40463250	0.00531415
0.40503733	0.00531360
0.40544257	0.00531331
0.40584822	0.00531319
0.40625427	0.00531308
0.40666073	0.00531296
0.40706759	0.00531285
0.40747486	0.00531273
0.40788254	0.00531262
0.40829063	0.00531250
0.40869912	0.00531239
0.40910802	0.00531228
0.40951734	0.00531216
0.40992706	0.00531205
0.41033719	0.00531193
0.41074773	0.00531182
0.41115869	0.00531170
0.41157005	0.00531159
0.41198183	0.00531147
0.41239402	0.00531136
0.41280662	0.00531124
0.41321963	0.00531113
0.41363306	0.00531102
0.41404690	0.00531090
0.41446115	0.00531079
0.41487582	0.00531067
0.41529090	0.00531056
0.41570640	0.00531044
0.41612231	0.00531033
0.41653864	0.00531022
0.41695539	0.00531010
0.41737256	0.00530999
0.41779014	0.00530988
0.41820814	0.00530976
0.41862655	0.00530965
0.41904539	0.00530953
0.41946464	0.00530942
0.41988432	0.00530931
0.42030441	0.00530919
0.42072493	0.00530908
0.42114586	0.00530897
0.42156722	0.00530885
0.42198900	0.00530874
0.42241120	0.00530863
0.42283382	0.00530851
0.42325687	0.00530840
0.42368033	0.00530829
0.42410423	0.00530817
0.42452854	0.00530806
0.42495328	0.00530795
0.42537845	0.00530784
0.42580404	0.00530772
0.42623006	0.00530761
0.42665650	0.00530750
0.42708337	0.00530739
0.42751067	0.00530727
0.42793839	0.00530716
0.42836654	0.00530705
0.42879512	0.00530694
0.42922413	0.00530683
0.42965357	0.00530671
0.43008344	0.00530660
0.43051374	0.00530649
0.43094447	0.00530638
0.43137563	0.00530627
0.43180722	0.00530615
0.43223924	0.00530604
0.43267170	0.00530593
0.43310459	0.00530582
0.43353791	0.00530571
0.43397166	0.00530560
0.43440585	0.00530549
0.43484048	0.00530538
0.43527553	0.00530527
0.43571103	0.00530515
0.43614696	0.00530504
0.43658332	0.00530493
0.43702012	0.00530482
0.43745736	0.00530471
0.43789504	0.00530460
0.43833315	0.00530449
0.43877170	0.00530438
0.43921069	0.00530427
0.43965013	0.00530417
0.44009000	0.00530406
0.44053031	0.00530395
0.44097106	0.00530384
0.44141225	0.00530373
0.44185388	0.00530362
0.44229596	0.00530352
0.44273847	0.00530341
0.44318143	0.00530330
0.44362484	0.00530319
0.44406868	0.00530308
0.44451297	0.00530297
0.44495771	0.00530286
0.44540289	0.00530276
0.44584851	0.00530265
0.44629459	0.00530254
0.44674110	0.00530243
0.44718807	0.00530233
0.44763548	0.00530222
0.44808334	0.00530211
0.44853165	0.00530200
0.44898040	0.00530190
0.44942961	0.00530179
0.44987926	0.00530168
0.45032937	0.00530158
0.45077992	0.00530147
0.45123093	0.00530136
0.45168238	0.00530125
0.45213429	0.00530115
0.45258665	0.00530104
0.45303946	0.00530093
0.45349273	0.00530082
0.45394645	0.00530072
0.45440062	0.00530061
0.45485525	0.00530050
0.45531033	0.00530040
0.45576587	0.00530029
0.45622187	0.00530019
0.45667832	0.00530008
0.45713522	0.00529998
0.45759259	0.00529987
0.45805041	0.00529976
0.45850869	0.00529966
0.45896743	0.00529955
0.45942662	0.00529945
0.45988628	0.00529934
0.46034640	0.00529924
0.46080697	0.00529914
0.46126801	0.00529904
0.46172951	0.00529893
0.46219147	0.00529883
0.46265389	0.00529873
0.46311678	0.00529863
0.46358013	0.00529853
0.46404394	0.00529843
0.46450821	0.00529833
0.46497295	0.00529823
0.46543816	0.00529813
0.46590383	0.00529804
0.46636997	0.00529794
0.46683657	0.00529785
0.46730364	0.00529775
0.46777118	0.00529766
0.46823918	0.00529757
0.46870766	0.00529749
0.46917660	0.00529740
0.46964601	0.00529732
0.47011589	0.00529724
0.47058624	0.00529715
0.47105706	0.00529706
0.47152836	0.00529697
0.47200012	0.00529688
0.47247236	0.00529679
0.47294507	0.00529670
0.47341825	0.00529662
0.47389190	0.00529653
0.47436603	0.00529645
0.47484063	0.00529636
0.47531571	0.00529628
0.47579127	0.00529620
0.47626729	0.00529612
0.47674380	0.00529604
0.47722078	0.00529597
0.47769824	0.00529589
0.47817618	0.00529582
0.47865459	0.00529575
0.47913349	0.00529568
0.47961286	0.00529561
0.48009271	0.00529551
0.48057305	0.00529529
0.48105386	0.00529510
0.48153516	0.00529494
0.48201693	0.00529478
0.48249919	0.00529464
0.48298193	0.00529451
0.48346515	0.00529439
0.48394886	0.00529428
0.48443305	0.00529417
0.48491773	0.00529406
0.48540289	0.00529395
0.48588853	0.00529385
0.48637466	0.00529375
0.48686128	0.00529365
0.48734839	0.00529355
0.48783598	0.00529345
0.48832406	0.00529336
0.48881263	0.00529326
0.48930168	0.00529317
0.48979123	0.00529307
0.49028127	0.00529297
0.49077179	0.00529288
0.49126281	0.00529279
0.49175432	0.00529269
0.49224632	0.00529260
0.49273881	0.00529250
0.49323180	0.00529241
0.49372528	0.00529232
0.49421925	0.00529223
0.49471371	0.00529213
0.49520868	0.00529204
0.49570413	0.00529195
0.49620008	0.00529186
0.49669653	0.00529176
0.49719348	0.00529167
0.49769092	0.00529158
0.49818886	0.00529149
0.49868730	0.00529140
0.49918623	0.00529131
0.49968567	0.00529122
0.50018561	0.00529112
0.50068604	0.00529103
0.50118698	0.00529094
0.50168842	0.00529085
0.50219035	0.00529076
0.50269280	0.00529067
0.50319574	0.00529058
0.50369919	0.00529050
0.50420314	0.00529041
0.50470759	0.00529032
0.50521255	0.00529023
0.50571802	0.00529014
0.50622399	0.00529005
0.50673047	0.00528996
0.50723745	0.00528987
0.50774494	0.00528979
0.50825294	0.00528970
0.50876145	0.00528961
0.50927046	0.00528952
0.50977999	0.00528944
0.51029003	0.00528935
0.51080057	0.00528926
0.51131163	0.00528918
0.51182319	0.00528909
0.51233527	0.00528901
0.51284786	0.00528892
0.51336097	0.00528884
0.51387459	0.00528875
0.51438872	0.00528867
0.51490336	0.00528858
0.51541853	0.00528850
0.51593420	0.00528841
0.51645039	0.00528833
0.51696710	0.00528824
0.51748433	0.00528816
0.51800207	0.00528808
0.51852033	0.00528799
0.51903911	0.00528791
0.51955841	0.00528783
0.52007823	0.00528776
0.52059857	0.00528767
0.52111943	0.00528759
0.52164081	0.00528751
0.52216271	0.00528744
0.52268513	0.00528736
0.52320808	0.00528728
0.52373155	0.00528720
0.52425554	0.00528713
0.52478006	0.00528705
0.52530510	0.00528698
0.52583067	0.00528691
0.52635676	0.00528684
0.52688338	0.00528677
0.52741053	0.00528671
0.52793820	0.00528664
0.52846641	0.00528658
0.52899514	0.00528653
0.52952440	0.00528647
0.53005419	0.00528642
0.53058451	0.00528631
0.53111536	0.00528621
0.53164674	0.00528611
0.53217865	0.00528601
0.53271109	0.00528591
0.53324407	0.00528582
0.53377758	0.00528573
0.53431163	0.00528564
0.53484621	0.00528556
0.53538132	0.00528547
0.53591697	0.00528539
0.53645315	0.00528530
0.53698988	0.00528522
0.53752713	0.00528514
0.53806493	0.00528506
0.53860326	0.00528498
0.53914214	0.00528490
0.53968155	0.00528482
0.54022150	0.00528474
0.54076199	0.00528467
0.54130302	0.00528459
0.54184460	0.00528452
0.54238671	0.00528444
0.54292937	0.00528437
0.54347257	0.00528429
0.54401632	0.00528422
0.54456061	0.00528414
0.54510544	0.00528407
0.54565082	0.00528399
0.54619674	0.00528392
0.54674321	0.00528385
0.54729023	0.00528378
0.54783779	0.00528370
0.54838590	0.00528363
0.54893456	0.00528356
0.54948377	0.00528349
0.55003353	0.00528342
0.55058384	0.00528335
0.55113470	0.00528328
0.55168611	0.00528321
0.55223807	0.00528314
0.55279058	0.00528307
0.55334365	0.00528301
0.55389727	0.00528294
0.55445145	0.00528288
0.55500618	0.00528281
0.55556146	0.00528275
0.55611730	0.00528269
0.55667369	0.00528263
0.55723065	0.00528257
0.55778816	0.00528252
0.55834622	0.00528246
0.55890485	0.00528241
0.55946403	0.00528237
0.56002378	0.00528233
0.56058408	0.00528228
0.56114494	0.00528224
0.56170637	0.00528220
0.56226836	0.00528217
0.56283091	0.00528214
0.56339402	0.00528211
0.56395770	0.00528209
0.56452194	0.00528207
0.56508674	0.00528206
0.56565211	0.00528206
0.56621804	0.00528206
0.56678455	0.00528208
0.56735161	0.00528210
0.56791925	0.00528214
0.56848745	0.00528219
0.56905622	0.00528226
0.56962556	0.00528234
0.57019548	0.00528240
0.57076596	0.00528238
0.57133701	0.00528236
0.57190863	0.00528235
0.57248082	0.00528233
0.57305359	0.00528233
0.57362693	0.00528232
0.57420085	0.00528231
0.57477533	0.00528231
0.57535040	0.00528230
0.57592603	0.00528230
0.57650225	0.00528230
0.57707904	0.00528230
0.57765641	0.00528231
0.57823435	0.00528231
0.57881288	0.00528271
0.57939198	0.00528281
0.57997166	0.00528258
0.58055192	0.00528209
0.58113276	0.00528172
0.58171419	0.00528143
0.58229619	0.00528114
0.58287878	0.00528106
0.58346195	0.00528086
0.58404570	0.00528077
0.58463004	0.00528071
0.58521496	0.00528066
0.58580047	0.00528061
0.58638657	0.00528078
0.58697325	0.00528132
0.58756051	0.00528277
0.58814837	0.00528525
0.58873681	0.00529218
0.58932584	0.00529838
0.58991546	0.00529640
0.59050567	0.00528533
0.59109647	0.00528223
0.59168786	0.00528077
0.59227985	0.00527999
0.59287242	0.00527961
0.59346559	0.00527931
0.59405936	0.00527917
0.59465371	0.00527901
0.59524866	0.00527891
0.59584421	0.00527877
0.59644035	0.00527867
0.59703709	0.00527854
0.59763443	0.00527844
0.59823236	0.00527833
0.59883089	0.00527823
0.59943002	0.00527812
0.60002975	0.00527805
0.60063008	0.00527797
0.60123101	0.00527789
0.60183254	0.00527784
0.60243468	0.00527776
0.60303741	0.00527771
0.60364075	0.00527761
0.60424470	0.00527757
0.60484924	0.00527751
0.60545439	0.00527744
0.60606015	0.00527738
0.60666651	0.00527733
0.60727348	0.00527727
0.60788106	0.00527722
0.60848925	0.00527717
0.60909804	0.00527712
0.60970744	0.00527706
0.61031746	0.00527703
0.61092808	0.00527698
0.61153931	0.00527693
0.61215116	0.00527689
0.61276361	0.00527685
0.61337668	0.00527682
0.61399037	0.00527677
0.61460467	0.00527675
0.61521958	0.00527672
0.61583510	0.00527670
0.61645125	0.00527667
0.61706801	0.00527664
0.61768538	0.00527663
0.61830338	0.00527662
0.61892199	0.00527662
0.61954122	0.00527662
0.62016107	0.00527663
0.62078155	0.00527664
0.62140264	0.00527665
0.62202435	0.00527667
0.62264669	0.00527669
0.62326964	0.00527672
0.62389323	0.00527677
0.62451743	0.00527682
0.62514226	0.00527688
0.62576772	0.00527696
0.62639380	0.00527704
0.62702050	0.00527713
0.62764784	0.00528259
0.62827580	0.00528563
0.62890439	0.00528059
0.62953361	0.00528008
0.63016346	0.00527982
0.63079394	0.00527848
0.63142504	0.00527928
0.63205679	0.00527789
0.63268916	0.00527762
0.63332216	0.00527784
0.63395580	0.00527755
0.63459008	0.00527682
0.63522498	0.00527659
0.63586053	0.00527637
0.63649670	0.00527575
0.63713352	0.00527562
0.63777097	0.00527583
0.63840906	0.00527505
0.63904779	0.00527495
0.63968716	0.00527484
0.64032716	0.00527459
0.64096781	0.00527441
0.64160910	0.00527432
0.64225103	0.00527427
0.64289360	0.00527422
0.64353682	0.00527417
0.64418068	0.00527412
0.64482518	0.00527408
0.64547033	0.00527403
0.64611612	0.00527399
0.64676256	0.00527394
0.64740965	0.00527390
0.64805738	0.00527385
0.64870576	0.00527380
0.64935479	0.00527376
0.65000447	0.00527371
0.65065480	0.00527367
0.65130578	0.00527362
0.65195741	0.00527358
0.65260970	0.00527354
0.65326263	0.00527349
0.65391622	0.00527345
0.65457046	0.00527341
0.65522536	0.00527336
0.65588092	0.00527332
0.65653712	0.00527328
0.65719399	0.00527323
0.65785151	0.00527319
0.65850969	0.00527315
0.65916853	0.00527310
0.65982803	0.00527306
0.66048819	0.00527302
0.66114901	0.00527298
0.66181049	0.00527294
0.66247263	0.00527289
0.66313543	0.00527285
0.66379890	0.00527281
0.66446303	0.00527277
0.66512783	0.00527273
0.66579329	0.00527269
0.66645941	0.00527265
0.66712620	0.00527260
0.66779366	0.00527256
0.66846179	0.00527252
0.66913059	0.00527248
0.66980005	0.00527244
0.67047019	0.00527240
0.67114099	0.00527236
0.67181247	0.00527232
0.67248462	0.00527228
0.67315744	0.00527224
0.67383093	0.00527220
0.67450510	0.00527216
0.67517995	0.00527212
0.67585546	0.00527208
0.67653166	0.00527204
0.67720853	0.00527200
0.67788607	0.00527197
0.67856430	0.00527193
0.67924320	0.00527189
0.67992279	0.00527187
0.68060305	0.00527184
0.68128399	0.00527180
0.68196562	0.00527176
0.68264792	0.00527173
0.68333091	0.00527169
0.68401459	0.00527166
0.68469894	0.00527163
0.68538398	0.00527159
0.68606971	0.00527156
0.68675612	0.00528489
0.68744322	0.00529122
0.68813101	0.00528038
0.68881948	0.00527690
0.68950865	0.00527584
0.69019850	0.00527475
0.69088905	0.00527594
0.69158028	0.00527357
0.69227221	0.00527579
0.69296483	0.00527340
0.69365814	0.00527331
0.69435214	0.00527322
0.69504684	0.00527312
0.69574224	0.00528729
0.69643833	0.00527789
0.69713511	0.00527463
0.69783260	0.00527667
0.69853078	0.00527458
0.69922966	0.00527510
0.69992924	0.00527497
0.70062952	0.00527339
0.70133050	0.00527240
0.70203218	0.00527233
0.70273456	0.00527226
0.70343765	0.00527064
0.70414144	0.00527061
0.70484593	0.00527057
0.70555113	0.00527054
0.70625703	0.00527051
0.70696364	0.00527047
0.70767096	0.00527044
0.70837899	0.00527041
0.70908772	0.00527037
0.70979716	0.00527034
0.71050731	0.00527033
0.71121818	0.00527028
0.71192975	0.00527027
0.71264204	0.00527023
0.71335503	0.00527019
0.71406875	0.00527016
0.71478317	0.00527013
0.71549831	0.00527010
0.71621417	0.00527012
0.71693074	0.00527011
0.71764803	0.00527005
0.71836604	0.00527000
0.71908476	0.00526999
0.71980421	0.00526994
0.72052437	0.00526991
0.72124526	0.00526987
0.72196686	0.00526984
0.72268919	0.00526982
0.72341224	0.00526978
0.72413601	0.00526975
0.72486051	0.00526974
0.72558574	0.00526971
0.72631168	0.00526966
0.72703836	0.00526962
0.72776576	0.00526962
0.72849389	0.00526957
0.72922275	0.00526956
0.72995234	0.00526953
0.73068265	0.00526950
0.73141370	0.00526948
0.73214548	0.00526945
0.73287799	0.00526941
0.73361124	0.00526939
0.73434522	0.00526936
0.73507993	0.00526934
0.73581538	0.00526930
0.73655156	0.00526929
0.73728848	0.00526926
0.73802614	0.00526923
0.73876453	0.00526921
0.73950367	0.00526918
0.74024354	0.00526916
0.74098415	0.00526914
0.74172551	0.00526912
0.74246761	0.00526911
0.74321044	0.00526908
0.74395403	0.00526907
0.74469835	0.00526905
0.74544342	0.00526904
0.74618924	0.00526904
0.74693580	0.00526902
0.74768311	0.00526901
0.74843117	0.00526900
0.74917997	0.00526901
0.74992953	0.00526903
0.75067983	0.00526903
0.75143089	0.00526902
0.75218270	0.00526902
0.75293525	0.00526904
0.75368857	0.00526907
0.75444263	0.00526908
0.75519745	0.00526908
0.75595303	0.00526913
0.75670936	0.00526919
0.75746645	0.00526920
0.75822429	0.00526925
0.75898289	0.00526933
0.75974226	0.00530000
0.76050238	0.00528530
0.76126326	0.00527781
0.76202491	0.00527312
0.76278731	0.00527490
0.76355048	0.00527522
0.76431441	0.00527408
0.76507911	0.00527616
0.76584457	0.00528309
0.76661080	0.00529550
0.76737779	0.00529197
0.76814556	0.00528692
0.76891409	0.00529842
0.76968338	0.00529164
0.77045345	0.00529546
0.77122429	0.00528831
0.77199590	0.00528180
0.77276828	0.00527653
0.77354144	0.00527510
0.77431537	0.00527456
0.77509007	0.00527422
0.77586555	0.00527058
0.77664180	0.00527152
0.77741883	0.00527138
0.77819664	0.00527020
0.77897522	0.00526789
0.77975459	0.00526785
0.78053473	0.00526782
0.78131566	0.00526778
0.78209737	0.00526793
0.78287985	0.00526781
0.78366313	0.00526775
0.78444718	0.00526771
0.78523202	0.00526786
0.78601764	0.00526769
0.78680406	0.00526765
0.78759125	0.00526765
0.78837924	0.00526775
0.78916801	0.00526761
0.78995757	0.00526756
0.79074793	0.00526754
0.79153907	0.00526761
0.79233101	0.00526748
0.79312373	0.00526745
0.79391725	0.00526756
0.79471157	0.00526746
0.79550668	0.00526739
0.79630258	0.00526735
0.79709928	0.00526737
0.79789678	0.00526736
0.79869508	0.00526732
0.79949417	0.00526725
0.80029406	0.00526725
0.80109476	0.00526722
0.80189625	0.00526718
0.80269855	0.00526717
0.80350165	0.00526716
0.80430556	0.00526711
0.80511026	0.00526708
0.80591578	0.00526706
0.80672209	0.00526704
0.80752922	0.00526702
0.80833715	0.00526698
0.80914589	0.00526697
0.80995545	0.00526695
0.81076581	0.00526694
0.81157698	0.00526691
0.81238896	0.00526689
0.81320176	0.00526689
0.81401536	0.00526686
0.81482979	0.00526682
0.81564502	0.00526680
0.81646108	0.00526677
0.81727795	0.00526674
0.81809563	0.00526672
0.81891414	0.00526669
0.81973346	0.00526668
0.82055361	0.00526665
0.82137457	0.00526662
0.82219635	0.00526660
0.82301896	0.00526667
0.82384239	0.00526658
0.82466665	0.00526654
0.82549173	0.00526652
0.82631763	0.00526650
0.82714436	0.00526648
0.82797192	0.00526646
0.82880031	0.00526645
0.82962952	0.00526644
0.83045957	0.00526641
0.83129044	0.00526638
0.83212215	0.00526638
0.83295468	0.00526634
0.83378806	0.00526634
0.83462226	0.00526630
0.83545730	0.00526630
0.83629318	0.00526628
0.83712989	0.00526625
0.83796744	0.00526624
0.83880582	0.00526622
0.83964505	0.00526619
0.84048511	0.00526618
0.84132602	0.00526616
0.84216777	0.00526615
0.84301035	0.00526612
0.84385379	0.00526610
0.84469806	0.00526609
0.84554318	0.00526607
0.84638915	0.00526605
0.84723596	0.00526603
0.84808362	0.00526601
0.84893213	0.00526599
0.84978149	0.00526597
0.85063169	0.00526595
0.85148275	0.00526594
0.85233466	0.00526592
0.85318742	0.00526590
0.85404103	0.00526589
0.85489550	0.00526587
0.85575082	0.00526585
0.85660700	0.00526583
0.85746404	0.00526581
0.85832193	0.00526580
0.85918068	0.00526578
0.86004029	0.00526576
0.86090076	0.00527004
0.86176210	0.00527103
0.86262429	0.00527090
0.86348734	0.00526954
0.86435126	0.00526683
0.86521605	0.00526771
0.86608170	0.00526886
0.86694821	0.00526909
0.86781559	0.00526735
0.86868384	0.00526916
0.86955296	0.00526821
0.87042295	0.00526929
0.87129381	0.00526584
0.87216554	0.00526573
0.87303814	0.00526574
0.87391161	0.00526635
0.87478596	0.00526581
0.87566118	0.00526579
0.87653728	0.00526571
0.87741426	0.00526581
0.87829211	0.00526595
0.87917084	0.00526595
0.88005045	0.00526572
0.88093095	0.00526568
0.88181232	0.00526564
0.88269457	0.00526564
0.88357771	0.00526587
0.88446173	0.00526561
0.88534663	0.00526556
0.88623242	0.00526553
0.88711910	0.00526555
0.88800666	0.00526558
0.88889511	0.00526553
0.88978445	0.00526543
0.89067468	0.00526541
0.89156580	0.00526540
0.89245781	0.00526543
0.89335071	0.00526551
0.89424451	0.00526538
0.89513920	0.00526535
0.89603479	0.00526532
0.89693127	0.00526533
0.89782865	0.00526529
0.89872693	0.00526530
0.89962611	0.00526525
0.90052618	0.00526527
0.90142716	0.00526524
0.90232904	0.00526524
0.90323182	0.00526523
0.90413550	0.00526519
0.90504009	0.00526517
0.90594558	0.00526516
0.90685198	0.00526517
0.90775929	0.00526518
0.90866750	0.00526521
0.90957662	0.00526515
0.91048665	0.00526517
0.91139760	0.00526515
0.91230945	0.00526514
0.91322221	0.00526518
0.91413589	0.00526515
0.91505049	0.00526514
0.91596600	0.00526516
0.91688242	0.00526514
0.91779976	0.00526516
0.91871802	0.00526513
0.91963720	0.00526516
0.92055729	0.00526510
0.92147831	0.00526525
0.92240025	0.00526517
0.92332311	0.00526511
0.92424690	0.00526512
0.92517161	0.00526514
0.92609724	0.00526508
0.92702380	0.00526520
0.92795129	0.00526568
0.92887970	0.00526564
0.92980905	0.00526550
0.93073932	0.00526576
0.93167053	0.00526552
0.93260266	0.00526544
0.93353573	0.00526537
0.93446974	0.00526551
0.93540467	0.00526515
0.93634055	0.00526531
0.93727735	0.00526512
0.93821510	0.00526506
0.93915378	0.00526495
0.94009341	0.00526492
0.94103397	0.00526490
0.94197548	0.00526489
0.94291792	0.00526497
0.94386131	0.00526494
0.94480565	0.00526506
0.94575092	0.00526493
0.94669715	0.00526496
0.94764432	0.00526494
0.94859244	0.00526501
0.94954150	0.00526570
0.95049152	0.00526492
0.95144249	0.00526474
0.95239441	0.00526495
0.95334728	0.00526466
0.95430110	0.00526486
0.95525588	0.00526485
0.95621161	0.00526477
0.95716830	0.00526494
0.95812595	0.00526465
0.95908455	0.00526485
0.96004412	0.00526466
0.96100464	0.00526476
0.96196613	0.00526479
0.96292858	0.00526459
0.96389199	0.00526478
0.96485636	0.00526451
0.96582170	0.00526456
0.96678800	0.00526469
0.96775528	0.00526438
0.96872351	0.00526452
0.96969272	0.00526458
0.97066290	0.00526433
0.97163405	0.00526440
0.97260617	0.00526449
0.97357926	0.00526435
0.97455333	0.00526431
0.97552837	0.00526441
0.97650438	0.00526431
0.97748138	0.00526425
0.97845935	0.00526437
0.97943830	0.00526430
0.98041822	0.00526426
0.98139913	0.00526425
0.98238102	0.00526425
0.98336390	0.00526423
0.98434775	0.00526423
0.98533259	0.00526419
0.98631842	0.00526416
0.98730523	0.00526419
0.98829303	0.00526419
0.98928182	0.00526415
0.99027159	0.00526411
0.99126236	0.00526412
0.99225412	0.00526410
0.99324687	0.00526411
0.99424061	0.00526407
0.99523535	0.00526405
0.99623108	0.00526407
0.99722781	0.00526405
0.99822554	0.00526402
0.99922426	0.00526403
1.00022399	0.00526400
1.00122471	0.00526399
1.00222644	0.00526397
1.00322916	0.00526396
1.00423290	0.00526394
1.00523763	0.00526392
1.00624337	0.00526392
1.00725012	0.00526393
1.00825787	0.00526389
1.00926663	0.00526389
1.01027640	0.00526386
1.01128719	0.00526386
1.01229898	0.00526386
1.01331179	0.00526384
1.01432560	0.00526383
1.01534044	0.00526382
1.01635628	0.00526379
1.01737315	0.00526380
1.01839103	0.00526378
1.01940993	0.00526378
1.02042985	0.00526377
1.02145079	0.00526374
1.02247275	0.00526374
1.02349574	0.00526373
1.02451975	0.00526372
1.02554478	0.00526371
1.02657084	0.00526371
1.02759792	0.00526370
1.02862603	0.00526370
1.02965517	0.00526370
1.03068534	0.00526367
1.03171654	0.00526366
1.03274878	0.00526365
1.03378204	0.00526365
1.03481634	0.00526364
1.03585167	0.00526363
1.03688804	0.00526909
1.03792545	0.00526570
1.03896389	0.00526483
1.04000338	0.00526568
1.04104390	0.00526588
1.04208547	0.00526545
1.04312807	0.00526524
1.04417172	0.00526546
1.04521642	0.00526604
1.04626216	0.00526505
1.04730894	0.00526481
1.04835677	0.00526474
1.04940566	0.00527339
1.05045559	0.00526889
1.05150657	0.00526802
1.05255860	0.00526821
1.05361168	0.00527416
1.05466582	0.00526968
1.05572102	0.00527013
1.05677727	0.00527066
1.05783457	0.00527460
1.05889294	0.00527104
1.05995236	0.00527061
1.06101284	0.00527206
1.06207438	0.00527474
1.06313699	0.00527307
1.06420066	0.00527193
1.06526539	0.00527199
1.06633119	0.00527313
1.06739805	0.00527104
1.06846599	0.00527109
1.06953499	0.00527279
1.07060506	0.00527249
1.07167620	0.00527076
1.07274841	0.00526961
1.07382169	0.00526985
1.07489605	0.00526983
1.07597149	0.00526862
1.07704800	0.00526831
1.07812558	0.00526930
1.07920425	0.00526794
1.08028399	0.00526722
1.08136482	0.00526721
1.08244672	0.00526770
1.08352971	0.00526657
1.08461378	0.00526669
1.08569894	0.00526636
1.08678518	0.00526653
1.08787251	0.00526606
1.08896092	0.00526604
1.09005043	0.00526543
1.09114103	0.00526521
1.09223271	0.00526560
1.09332549	0.00526498
1.09441936	0.00526482
1.09551433	0.00526509
1.09661039	0.00526471
1.09770755	0.00526465
1.09880581	0.00526489
1.09990516	0.00526452
1.10100562	0.00526469
1.10210718	0.00526447
1.10320983	0.00526458
1.10431360	0.00526440
1.10541846	0.00526459
1.10652443	0.00526436
1.10763151	0.00526453
1.10873970	0.00526435
1.10984899	0.00526455
1.11095939	0.00526546
1.11207091	0.00526484
1.11318354	0.00526502
1.11429728	0.00526453
1.11541213	0.00526485
1.11652810	0.00526498
1.11764519	0.00526492
1.11876339	0.00526503
1.11988272	0.00526518
1.12100316	0.00526436
1.12212472	0.00526471
1.12324741	0.00526442
1.12437122	0.00526429
1.12549615	0.00526438
1.12662221	0.00526394
1.12774940	0.00526404
1.12887771	0.00526436
1.13000715	0.00526439
1.13113772	0.00526408
1.13226943	0.00526424
1.13340226	0.00526485
1.13453623	0.00526633
1.13567134	0.00526488
1.13680758	0.00526445
1.13794495	0.00526423
1.13908347	0.00526427
1.14022312	0.00526430
1.14136391	0.00526434
1.14250585	0.00526413
1.14364892	0.00526435
1.14479315	0.00526440
1.14593851	0.00526426
1.14708502	0.00526467
1.14823268	0.00526407
1.14938149	0.00526436
1.15053145	0.00526409
1.15168255	0.00526418
1.15283481	0.00526442
1.15398822	0.00526439
1.15514279	0.00526390
1.15629851	0.00526428
1.15745538	0.00526425
1.15861342	0.00526404
1.15977261	0.00526391
1.16093296	0.00526424
1.16209448	0.00526400
1.16325715	0.00526389
1.16442099	0.00526379
1.16558600	0.00526418
1.16675217	0.00526378
1.16791950	0.00526388
1.16908800	0.00526383
1.17025768	0.00526399
1.17142852	0.00526371
1.17260053	0.00526348
1.17377372	0.00526387
1.17494808	0.00526359
1.17612362	0.00526359
1.17730033	0.00526370
1.17847822	0.00526356
1.17965729	0.00526344
1.18083753	0.00526346
1.18201896	0.00526346
1.18320157	0.00526344
1.18438537	0.00526330
1.18557034	0.00526340
1.18675651	0.00526334
1.18794386	0.00526324
1.18913240	0.00526331
1.19032212	0.00526318
1.19151304	0.00526324
1.19270515	0.00526344
1.19389845	0.00526354
1.19509295	0.00526325
1.19628864	0.00526391
1.19748552	0.00526338
1.19868361	0.00526349
1.19988289	0.00526361
1.20108337	0.00526365
1.20228506	0.00526363
1.20348795	0.00529719
1.20469204	0.00528384
1.20589733	0.00530457
1.20710383	0.00529723
1.20831154	0.00528089
1.20952045	0.00530657
1.21073058	0.00530108
1.21194192	0.00529108
1.21315446	0.00531032
1.21436822	0.00530679
1.21558320	0.00530493
1.21679939	0.00530097
1.21801680	0.00532589
1.21923543	0.00531561
1.22045527	0.00531156
1.22167634	0.00531032
1.22289862	0.00530686
1.22412213	0.00530804
1.22534687	0.00530419
1.22657283	0.00532214
1.22780001	0.00531980
1.22902843	0.00530794
1.23025807	0.00530543
1.23148895	0.00531171
1.23272105	0.00531340
1.23395439	0.00531016
1.23518896	0.00531253
1.23642477	0.00530532
1.23766181	0.00530465
1.23890009	0.00531152
1.24013961	0.00530457
1.24138037	0.00530967
1.24262237	0.00530810
1.24386561	0.00530116
1.24511010	0.00530176
1.24635584	0.00530738
1.24760281	0.00530147
1.24885104	0.00530114
1.25010052	0.00530072
1.25135124	0.00530058
1.25260322	0.00529656
1.25385645	0.00530153
1.25511093	0.00529334
1.25636667	0.00529963
1.25762367	0.00529989
1.25888192	0.00529528
1.26014143	0.00529571
1.26140220	0.00529589
1.26266424	0.00529366
1.26392753	0.00529355
1.26519209	0.00529126
1.26645792	0.00528947
1.26772501	0.00528868
1.26899337	0.00530355
1.27026300	0.00529443
1.27153389	0.00529372
1.27280606	0.00528942
1.27407951	0.00528456
1.27535422	0.00528514
1.27663021	0.00528347
1.27790748	0.00528172
1.27918603	0.00528215
1.28046586	0.00528761
1.28174696	0.00528683
1.28302935	0.00528833
1.28431302	0.00528673
1.28559798	0.00528449
1.28688422	0.00528507
1.28817175	0.00528263
1.28946056	0.00528097
1.29075067	0.00528237
1.29204206	0.00528140
1.29333475	0.00528040
1.29462873	0.00528059
1.29592401	0.00527967
1.29722058	0.00527889
1.29851845	0.00527764
1.29981762	0.00527665
1.30111809	0.00527386
1.30241986	0.00527283
1.30372293	0.00527345
1.30502730	0.00527295
1.30633298	0.00527134
1.30763997	0.00527093
1.30894826	0.00526969
1.31025787	0.00526941
1.31156878	0.00527980
1.31288100	0.00528417
1.31419454	0.00528810
1.31550939	0.00528793
1.31682556	0.00528563
1.31814304	0.00528354
1.31946185	0.00528298
1.32078197	0.00529168
1.32210341	0.00529116
1.32342618	0.00529282
1.32475026	0.00529114
1.32607568	0.00529005
1.32740242	0.00529178
1.32873048	0.00529042
1.33005988	0.00528792
1.33139060	0.00528767
1.33272266	0.00529048
1.33405605	0.00529542
1.33539077	0.00529120
1.33672683	0.00528896
1.33806423	0.00528978
1.33940296	0.00528869
1.34074303	0.00528690
1.34208445	0.00528887
1.34342720	0.00528865
1.34477130	0.00529000
1.34611674	0.00528932
1.34746353	0.00529203
1.34881167	0.00528974
1.35016116	0.00529172
1.35151199	0.00528653
1.35286418	0.00528643
1.35421772	0.00529126
1.35557262	0.00529040
1.35692887	0.00528876
1.35828648	0.00528837
1.35964544	0.00528690
1.36100577	0.00528639
1.36236745	0.00528753
1.36373050	0.00528395
1.36509492	0.00528591
1.36646069	0.00528294
1.36782784	0.00528246
1.36919635	0.00528247
1.37056623	0.00528256
1.37193748	0.00528169
1.37331011	0.00528009
1.37468410	0.00528010
1.37605948	0.00527806
1.37743622	0.00527844
1.37881435	0.00527820
1.38019385	0.00527890
1.38157474	0.00527689
1.38295700	0.00528242
1.38434065	0.00527614
1.38572568	0.00527907
1.38711210	0.00527440
1.38849991	0.00527895
1.38988910	0.00527456
1.39127969	0.00527688
1.39267166	0.00527673
1.39406503	0.00527459
1.39545979	0.00527636
1.39685595	0.00527591
1.39825351	0.00527446
1.39965246	0.00527353
1.40105281	0.00527724
1.40245456	0.00527204
1.40385772	0.00527321
1.40526228	0.00527491
1.40666825	0.00527246
1.40807562	0.00527135
1.40948440	0.00527657
1.41089459	0.00527239
1.41230619	0.00527366
1.41371920	0.00527474
1.41513363	0.00527321
1.41654947	0.00527092
1.41796673	0.00527262
1.41938540	0.00527595
1.42080550	0.00527091
1.42222701	0.00527110
1.42364995	0.00527769
1.42507431	0.00527252
1.42650010	0.00527228
1.42792731	0.00527300
1.42935596	0.00527606
1.43078603	0.00532974
1.43221753	0.00534486
1.43365046	0.00531280
1.43508483	0.00530176
1.43652063	0.00530436
1.43795787	0.00531446
1.43939655	0.00536489
1.44083666	0.00533840
1.44227822	0.00532753
1.44372122	0.00533154
1.44516566	0.00535089
1.44661155	0.00536550
1.44805889	0.00535166
1.44950767	0.00533890
1.45095790	0.00534054
1.45240959	0.00536252
1.45386272	0.00536311
1.45531731	0.00535940
1.45677336	0.00534761
1.45823086	0.00535120
1.45968982	0.00535737
1.46115024	0.00535932
1.46261212	0.00536393
1.46407547	0.00534811
1.46554027	0.00535143
1.46700655	0.00535125
1.46847429	0.00535716
1.46994350	0.00535418
1.47141417	0.00535035
1.47288632	0.00534610
1.47435995	0.00534750
1.47583504	0.00534744
1.47731162	0.00534769
1.47878967	0.00534580
1.48026920	0.00533927
1.48175021	0.00534103
1.48323270	0.00534151
1.48471667	0.00534177
1.48620213	0.00533866
1.48768908	0.00533554
1.48917751	0.00533262
1.49066743	0.00533270
1.49215885	0.00533403
1.49365175	0.00533263
1.49514615	0.00533076
1.49664204	0.00532738
1.49813944	0.00532818
1.49963832	0.00532764
1.50113871	0.00532633
1.50264060	0.00532366
1.50414399	0.00532051
1.50564889	0.00531948
1.50715529	0.00531989
1.50866320	0.00532007
1.51017262	0.00532024
1.51168355	0.00532231
1.51319599	0.00532340
1.51470994	0.00532558
1.51622541	0.00532812
1.51774239	0.00532999
1.51926089	0.00533189
1.52078091	0.00533167
1.52230245	0.00533075
1.52382552	0.00533160
1.52535011	0.00533067
1.52687622	0.00533243
1.52840386	0.00533116
1.52993303	0.00532980
1.53146373	0.00533183
1.53299596	0.00533077
1.53452972	0.00532615
1.53606502	0.00532571
1.53760185	0.00532000
1.53914022	0.00532023
1.54068013	0.00532003
1.54222158	0.00531841
1.54376457	0.00531636
1.54530911	0.00531463
1.54685519	0.00530956
1.54840282	0.00530951
1.54995200	0.00530641
1.55150273	0.00530321
1.55305500	0.00530169
1.55460884	0.00530077
1.55616422	0.00530083
1.55772117	0.00529915
1.55927967	0.00529619
1.56083973	0.00530178
1.56240135	0.00532134
1.56396453	0.00534045
1.56552928	0.00535321
1.56709559	0.00536110
1.56866347	0.00536181
1.57023291	0.00536038
1.57180393	0.00535562
1.57337652	0.00535563
1.57495069	0.00535611
1.57652643	0.00535723
1.57810374	0.00536331
1.57968263	0.00536369
1.58126311	0.00536335
1.58284516	0.00536066
1.58442880	0.00535992
1.58601402	0.00535752
1.58760083	0.00535632
1.58918922	0.00535546
1.59077920	0.00535531
1.59237078	0.00535688
1.59396395	0.00535383
1.59555871	0.00535340
1.59715506	0.00535560
1.59875302	0.00535511
1.60035257	0.00535196
1.60195372	0.00535253
1.60355648	0.00535752
1.60516084	0.00535553
1.60676680	0.00535637
1.60837437	0.00535934
1.60998355	0.00535938
1.61159434	0.00535938
1.61320674	0.00535955
1.61482075	0.00536143
1.61643638	0.00536189
1.61805363	0.00536222
1.61967249	0.00535791
1.62129297	0.00536145
1.62291508	0.00536381
1.62453880	0.00536387
1.62616415	0.00536001
1.62779113	0.00536217
1.62941974	0.00536140
1.63104997	0.00535964
1.63268184	0.00535925
1.63431534	0.00535832
1.63595047	0.00535908
1.63758724	0.00535829
1.63922564	0.00535772
1.64086569	0.00535520
1.64250738	0.00535375
1.64415070	0.00535269
1.64579568	0.00535073
1.64744230	0.00535007
1.64909056	0.00535015
1.65074048	0.00534962
1.65239204	0.00534863
1.65404526	0.00534845
1.65570014	0.00534823
1.65735666	0.00534529
1.65901485	0.00534368
1.66067469	0.00534126
1.66233620	0.00534060
1.66399937	0.00533996
1.66566420	0.00533891
1.66733070	0.00533864
1.66899886	0.00533803
1.67066869	0.00533803
1.67234020	0.00533746
1.67401337	0.00533531
1.67568823	0.00533419
1.67736475	0.00533307
1.67904296	0.00533209
1.68072284	0.00533120
1.68240440	0.00533201
1.68408765	0.00533019
1.68577258	0.00532799
1.68745919	0.00532763
1.68914750	0.00532669
1.69083749	0.00532525
1.69252917	0.00532485
1.69422255	0.00532380
1.69591762	0.00532155
1.69761438	0.00532139
1.69931285	0.00531976
1.70101301	0.00532552
1.70271487	0.00532379
1.70441844	0.00531787
1.70612371	0.00532236
1.70783069	0.00532013
1.70953937	0.00531632
1.71124977	0.00531840
1.71296187	0.00531621
1.71467569	0.00532349
1.71639123	0.00532031
1.71810847	0.00531441
1.71982744	0.00531938
1.72154813	0.00532205
1.72327054	0.00531409
1.72499467	0.00531579
1.72672053	0.00531717
1.72844811	0.00531896
1.73017743	0.00531689
1.73190847	0.00531422
1.73364124	0.00531502
1.73537575	0.00531989
1.73711200	0.00531367
1.73884998	0.00531180
1.74058970	0.00531656
1.74233116	0.00531519
1.74407436	0.00531291
1.74581931	0.00531228
1.74756600	0.00531154
1.74931444	0.00531350
1.75106463	0.00531206
1.75281657	0.00531443
1.75457026	0.00532495
1.75632571	0.00531662
1.75808291	0.00531973
1.75984188	0.00532778
1.76160260	0.00531819
1.76336508	0.00531227
1.76512933	0.00531991
1.76689534	0.00532755
1.76866312	0.00531932
1.77043267	0.00532129
1.77220399	0.00531683
1.77397708	0.00533273
1.77575194	0.00532618
1.77752858	0.00531698
1.77930700	0.00532109
1.78108720	0.00532091
1.78286917	0.00532414
1.78465293	0.00531681
1.78643848	0.00533803
1.78822581	0.00532276
1.79001493	0.00532477
1.79180584	0.00532280
1.79359854	0.00531777
1.79539304	0.00531899
1.79718933	0.00531764
1.79898742	0.00531959
1.80078731	0.00531636
1.80258899	0.00532033
1.80439248	0.00533204
1.80619778	0.00533118
1.80800488	0.00532407
1.80981379	0.00531565
1.81162451	0.00531461
1.81343704	0.00531590
1.81525138	0.00532136
1.81706754	0.00531734
1.81888552	0.00531271
1.82070531	0.00531742
1.82252693	0.00533373
1.82435037	0.00532540
1.82617563	0.00531854
1.82800272	0.00531508
1.82983164	0.00531633
1.83166239	0.00532226
1.83349496	0.00531834
1.83532938	0.00531363
1.83716562	0.00531559
1.83900371	0.00532242
1.84084363	0.00532139
1.84268540	0.00531991
1.84452900	0.00531715
1.84637445	0.00531758
1.84822175	0.00532158
1.85007090	0.00532197
1.85192189	0.00532146
1.85377474	0.00531874
1.85562944	0.00532054
1.85748600	0.00532419
1.85934442	0.00532103
1.86120469	0.00532401
1.86306683	0.00532152
1.86493083	0.00532521
1.86679669	0.00532790
1.86866442	0.00532726
1.87053402	0.00532967
1.87240549	0.00533779
1.87427883	0.00533255
1.87615405	0.00533270
1.87803114	0.00533219
1.87991011	0.00533407
1.88179096	0.00534620
1.88367369	0.00534181
1.88555831	0.00533957
1.88744481	0.00534099
1.88933320	0.00534276
1.89122348	0.00534716
1.89311565	0.00534639
1.89500971	0.00534499
1.89690567	0.00534742
1.89880352	0.00534820
1.90070327	0.00534925
1.90260493	0.00534853
1.90450848	0.00534817
1.90641395	0.00534947
1.90832131	0.00534773
1.91023059	0.00534799
1.91214177	0.00535088
1.91405487	0.00535072
1.91596988	0.00534873
1.91788681	0.00534991
1.91980566	0.00535413
1.92172642	0.00535707
1.92364911	0.00536182
1.92557372	0.00536495
1.92750026	0.00537011
1.92942873	0.00538212
1.93135912	0.00538609
1.93329144	0.00538708
1.93522570	0.00538860
1.93716190	0.00539095
1.93910003	0.00539311
1.94104010	0.00539351
1.94298211	0.00539427
1.94492606	0.00539505
1.94687196	0.00539633
1.94881981	0.00539601
1.95076960	0.00539400
1.95272135	0.00539722
1.95467504	0.00539586
1.95663070	0.00539634
1.95858831	0.00539479
1.96054787	0.00539331
1.96250940	0.00539365
1.96447289	0.00539367
1.96643835	0.00539220
1.96840577	0.00539215
1.97037516	0.00539125
1.97234652	0.00538982
1.97431985	0.00538762
1.97629516	0.00538670
1.97827245	0.00538517
1.98025171	0.00538457
1.98223295	0.00538350
1.98421617	0.00538309
1.98620138	0.00538108
1.98818858	0.00538078
1.99017776	0.00537949
1.99216893	0.00538082
1.99416210	0.00538465
1.99615726	0.00538686
1.99815441	0.00539138
2.00015357	0.00539506
2.00215472	0.00539579
2.00415788	0.00539672
2.00616304	0.00539610
2.00817021	0.00539677
2.01017938	0.00539758
2.01219056	0.00539971
2.01420376	0.00540123
2.01621897	0.00539993
2.01823620	0.00540085
2.02025545	0.00540092
2.02227671	0.00540154
2.02430000	0.00540005
2.02632531	0.00540049
2.02835265	0.00539980
2.03038202	0.00540045
2.03241342	0.00539942
2.03444685	0.00539951
2.03648231	0.00540032
2.03851981	0.00540325
2.04055935	0.00540722
2.04260093	0.00541304
2.04464455	0.00541614
2.04669022	0.00541858
2.04873793	0.00541832
2.05078770	0.00541700
2.05283951	0.00541707
2.05489338	0.00542168
2.05694930	0.00542287
2.05900728	0.00542196
2.06106731	0.00542054
2.06312941	0.00541936
2.06519357	0.00541844
2.06725980	0.00541843
2.06932809	0.00541784
2.07139846	0.00541660
2.07347089	0.00541596
2.07554540	0.00541430
2.07762198	0.00541394
2.07970064	0.00541238
2.08178138	0.00541056
2.08386421	0.00540953
2.08594911	0.00540824
2.08803611	0.00540683
2.09012519	0.00540631
2.09221636	0.00540467
2.09430962	0.00540404
2.09640498	0.00540284
2.09850243	0.00540255
2.10060198	0.00540082
2.10270363	0.00539920
2.10480739	0.00539848
2.10691325	0.00539723
2.10902122	0.00539579
2.11113129	0.00539470
2.11324348	0.00539454
2.11535778	0.00539434
2.11747420	0.00539384
2.11959273	0.00539286
2.12171338	0.00539269
2.12383616	0.00539207
2.12596106	0.00539076
2.12808808	0.00539106
2.13021723	0.00539039
2.13234852	0.00539049
2.13448193	0.00539055
2.13661748	0.00539011
2.13875517	0.00539021
2.14089499	0.00538973
2.14303696	0.00538900
2.14518107	0.00538901
2.14732732	0.00538862
2.14947572	0.00538849
2.15162627	0.00538755
2.15377897	0.00538697
2.15593383	0.00538627
2.15809084	0.00538620
2.16025001	0.00538561
2.16241134	0.00538533
2.16457484	0.00538495
2.16674049	0.00538457
2.16890832	0.00538437
2.17107831	0.00538416
2.17325048	0.00538391
2.17542481	0.00538418
2.17760133	0.00538484
2.17978002	0.00538604
2.18196089	0.00538801
2.18414394	0.00539135
2.18632918	0.00539625
2.18851660	0.00540242
2.19070621	0.00540996
2.19289801	0.00541712
2.19509201	0.00542312
2.19728820	0.00542373
2.19948658	0.00542207
2.20168717	0.00542219
2.20388996	0.00542169
2.20609495	0.00542176
2.20830215	0.00542005
2.21051156	0.00541790
2.21272317	0.00541623
2.21493700	0.00541442
2.21715305	0.00541251
2.21937131	0.00541063
2.22159179	0.00540875
2.22381449	0.00540751
2.22603942	0.00540680
2.22826657	0.00540560
2.23049595	0.00540383
2.23272757	0.00540253
2.23496141	0.00540110
2.23719749	0.00539954
2.23943581	0.00539769
2.24167636	0.00539583
2.24391916	0.00539390
2.24616420	0.00539210
2.24841149	0.00539027
2.25066102	0.00538793
2.25291281	0.00538587
2.25516685	0.00538473
2.25742315	0.00538289
2.25968170	0.00538048
2.26194251	0.00537903
2.26420558	0.00537799
2.26647092	0.00537718
2.26873853	0.00537563
2.27100840	0.00537423
2.27328054	0.00537409
2.27555496	0.00537433
2.27783165	0.00537460
2.28011063	0.00537575
2.28239188	0.00537765
2.28467541	0.00538090
2.28696123	0.00538463
2.28924933	0.00539022
2.29153973	0.00539575
2.29383241	0.00540102
2.29612739	0.00540565
2.29842467	0.00541049
2.30072424	0.00541316
2.30302612	0.00541340
2.30533030	0.00541525
2.30763678	0.00541450
2.30994557	0.00541458
2.31225667	0.00541329
2.31457008	0.00541273
2.31688581	0.00541132
2.31920386	0.00540991
2.32152422	0.00540811
2.32384691	0.00540721
2.32617192	0.00540641
2.32849925	0.00540538
2.33082891	0.00540384
2.33316091	0.00540213
2.33549524	0.00540014
2.33783190	0.00539875
2.34017090	0.00539689
2.34251224	0.00539550
2.34485593	0.00539388
2.34720196	0.00539224
2.34955033	0.00539045
2.35190106	0.00538891
2.35425413	0.00538696
2.35660957	0.00538526
2.35896735	0.00538337
2.36132750	0.00538126
2.36369001	0.00537900
2.36605488	0.00537706
2.36842212	0.00537542
2.37079173	0.00537434
2.37316371	0.00537428
2.37553806	0.00537442
2.37791478	0.00537517
2.38029389	0.00537721
2.38267537	0.00537895
2.38505924	0.00538195
2.38744549	0.00538561
2.38983413	0.00538964
2.39222516	0.00539359
2.39461858	0.00539836
2.39701440	0.00540244
2.39941261	0.00540711
2.40181322	0.00541315
2.40421624	0.00541852
2.40662166	0.00542491
2.40902948	0.00543095
2.41143972	0.00543646
2.41385236	0.00544347
2.41626742	0.00544026
2.41868490	0.00544155
2.42110479	0.00544516
2.42352711	0.00544307
2.42595185	0.00544288
2.42837901	0.00544314
2.43080861	0.00544207
2.43324063	0.00544083
2.43567509	0.00543939
2.43811198	0.00543773
2.44055131	0.00543543
2.44299308	0.00543360
2.44543730	0.00543147
2.44788396	0.00542933
2.45033307	0.00542733
2.45278463	0.00542543
2.45523864	0.00542348
2.45769511	0.00542161
2.46015403	0.00541988
2.46261541	0.00541813
2.46507926	0.00541653
2.46754557	0.00541505
2.47001435	0.00541402
2.47248560	0.00541367
2.47495933	0.00541391
2.47743552	0.00541381
2.47991420	0.00541272
2.48239535	0.00541235
2.48487899	0.00541141
2.48736511	0.00541084
2.48985372	0.00540975
2.49234482	0.00540892
2.49483841	0.00540833
2.49733450	0.00540760
2.49983308	0.00540640
2.50233416	0.00540495
2.50483775	0.00540364
2.50734384	0.00540254
2.50985244	0.00540114
2.51236355	0.00539990
2.51487717	0.00539934
2.51739330	0.00539874
2.51991195	0.00539841
2.52243313	0.00539795
2.52495682	0.00539738
2.52748304	0.00539650
2.53001179	0.00539560
2.53254306	0.00539465
2.53507687	0.00539353
2.53761322	0.00539259
2.54015210	0.00539172
2.54269352	0.00539131
2.54523749	0.00539058
2.54778400	0.00539012
2.55033306	0.00538916
2.55288467	0.00538901
2.55543883	0.00538802
2.55799555	0.00538771
2.56055482	0.00538838
2.56311666	0.00538825
2.56568105	0.00538858
2.56824802	0.00538906
2.57081755	0.00539058
2.57338965	0.00539298
2.57596433	0.00539766
2.57854158	0.00540349
2.58112142	0.00540875
2.58370383	0.00541547
2.58628882	0.00542111
2.58887641	0.00542665
2.59146658	0.00543325
2.59405934	0.00543846
2.59665470	0.00544115
2.59925265	0.00544465
2.60185320	0.00544566
2.60445636	0.00544608
2.60706212	0.00544508
2.60967048	0.00544367
2.61228146	0.00544515
2.61489505	0.00545066
2.61751125	0.00545339
2.62013007	0.00544953
2.62275151	0.00545026
2.62537557	0.00544727
2.62800226	0.00544612
2.63063158	0.00544617
2.63326353	0.00544505
2.63589811	0.00544443
2.63853532	0.00544290
2.64117518	0.00544225
2.64381768	0.00544105
2.64646282	0.00544000
2.64911060	0.00543929
2.65176104	0.00543758
2.65441412	0.00543645
2.65706987	0.00543432
2.65972827	0.00543354
2.66238932	0.00543305
2.66505304	0.00543329
2.66771943	0.00543352
2.67038848	0.00543344
2.67306021	0.00543278
2.67573461	0.00543291
2.67841168	0.00543197
2.68109143	0.00543123
2.68377386	0.00543234
2.68645898	0.00543196
2.68914678	0.00543048
2.69183727	0.00543001
2.69453046	0.00542966
2.69722634	0.00542989
2.69992491	0.00542931
2.70262619	0.00542946
2.70533016	0.00542809
2.70803685	0.00542724
2.71074624	0.00542640
2.71345834	0.00542479
2.71617316	0.00542417
2.71889069	0.00542305
2.72161094	0.00542157
2.72433391	0.00541921
2.72705961	0.00541942
2.72978803	0.00541761
2.73251918	0.00541616
2.73525307	0.00541689
2.73798969	0.00541625
2.74072905	0.00541671
2.74347115	0.00541704
2.74621599	0.00541650
2.74896358	0.00541621
2.75171392	0.00541565
2.75446701	0.00541601
2.75722286	0.00541696
2.75998146	0.00541551
2.76274282	0.00541694
2.76550694	0.00541538
2.76827383	0.00541469
2.77104349	0.00541546
2.77381592	0.00541754
2.77659113	0.00541810
2.77936911	0.00541874
2.78214987	0.00541854
2.78493341	0.00541696
2.78771973	0.00541812
2.79050885	0.00541802
2.79330075	0.00541989
2.79609545	0.00541978
2.79889294	0.00541883
2.80169324	0.00541755
2.80449633	0.00541977
2.80730223	0.00541994
2.81011094	0.00541960
2.81292245	0.00542061
2.81573678	0.00542261
2.81855393	0.00542347
2.82137389	0.00542478
2.82419668	0.00542708
2.82702229	0.00542855
2.82985072	0.00543136
2.83268199	0.00543421
2.83551609	0.00543732
2.83835302	0.00544057
2.84119279	0.00544458
2.84403541	0.00544843
2.84688087	0.00545275
2.84972917	0.00545701
2.85258032	0.00545859
2.85543433	0.00545712
2.85829119	0.00545664
2.86115091	0.00545658
2.86401350	0.00545655
2.86687894	0.00545654
2.86974726	0.00545583
2.87261844	0.00545412
2.87549249	0.00545237
2.87836942	0.00545013
2.88124923	0.00544830
2.88413192	0.00544605
2.88701750	0.00544376
2.88990596	0.00544158
2.89279731	0.00543930
2.89569156	0.00543729
2.89858870	0.00543541
2.90148873	0.00543381
2.90439167	0.00543312
2.90729752	0.00543467
2.91020627	0.00543315
2.91311793	0.00543218
2.91603251	0.00543105
2.91895000	0.00543020
2.92187041	0.00542915
2.92479374	0.00542845
2.92772000	0.00542727
2.93064918	0.00542592
2.93358130	0.00542443
2.93651634	0.00542295
2.93945433	0.00542136
2.94239525	0.00541971
2.94533912	0.00541809
2.94828593	0.00541644
2.95123569	0.00541480
2.95418840	0.00541318
2.95714407	0.00541171
2.96010269	0.00541008
2.96306428	0.00540860
2.96602882	0.00540712
2.96899634	0.00540583
2.97196682	0.00540478
2.97494027	0.00540388
2.97791670	0.00540350
2.98089610	0.00540255
2.98387849	0.00540258
2.98686386	0.00540328
2.98985222	0.00540365
2.99284357	0.00540560
2.99583791	0.00540688
2.99883525	0.00540794
3.00183558	0.00541073
3.00483892	0.00541290
3.00784526	0.00541538
3.01085461	0.00541837
3.01386697	0.00542048
3.01688234	0.00542379
3.01990074	0.00542602
3.02292215	0.00542800
3.02594658	0.00543238
3.02897404	0.00543409
3.03200453	0.00543436
3.03503805	0.00543594
3.03807461	0.00543508
3.04111420	0.00543481
3.04415684	0.00543385
3.04720252	0.00543224
3.05025124	0.00543162
3.05330302	0.00543021
3.05635785	0.00542987
3.05941574	0.00542883
3.06247668	0.00542795
3.06554069	0.00542651
3.06860776	0.00542562
3.07167791	0.00542453
3.07475112	0.00542720
3.07782741	0.00542442
3.08090678	0.00542412
3.08398922	0.00542358
3.08707476	0.00542189
3.09016338	0.00542057
3.09325508	0.00541905
3.09634989	0.00541788
3.09944778	0.00541677
3.10254878	0.00541561
3.10565288	0.00541460
3.10876009	0.00541317
3.11187040	0.00541205
3.11498383	0.00541112
3.11810037	0.00540984
3.12122003	0.00540880
3.12434281	0.00540802
3.12746872	0.00540705
3.13059775	0.00540618
3.13372992	0.00540530
3.13686521	0.00540494
3.14000365	0.00540418
3.14314522	0.00540430
3.14628994	0.00540328
3.14943780	0.00540238
3.15258882	0.00540124
3.15574298	0.00539986
3.15890030	0.00539846
3.16206078	0.00539681
3.16522443	0.00539549
3.16839123	0.00539455
3.17156121	0.00539347
3.17473436	0.00539245
3.17791068	0.00539086
3.18109018	0.00538897
3.18427286	0.00538733
3.18745873	0.00538586
3.19064778	0.00538501
3.19384002	0.00538436
3.19703546	0.00538428
3.20023409	0.00538489
3.20343593	0.00538519
3.20664097	0.00538516
3.20984921	0.00538517
3.21306067	0.00538543
3.21627533	0.00538544
3.21949322	0.00538591
3.22271432	0.00538672
3.22593865	0.00538832
3.22916620	0.00539064
3.23239698	0.00539342
3.23563100	0.00539608
3.23886824	0.00540032
3.24210873	0.00540496
3.24535246	0.00540810
3.24859944	0.00540915
3.25184966	0.00541229
3.25510314	0.00541022
3.25835987	0.00540972
3.26161986	0.00541269
3.26488311	0.00541311
3.26814963	0.00541269
3.27141941	0.00541243
3.27469247	0.00541269
3.27796880	0.00541263
3.28124841	0.00541230
3.28453130	0.00541157
3.28781747	0.00541110
3.29110693	0.00541053
3.29439969	0.00541012
3.29769573	0.00540961
3.30099508	0.00540912
3.30429772	0.00540881
3.30760367	0.00540884
3.31091293	0.00540904
3.31422550	0.00540974
3.31754138	0.00541093
3.32086058	0.00541247
3.32418311	0.00541456
3.32750895	0.00541708
3.33083813	0.00541995
3.33417063	0.00542318
3.33750647	0.00542630
3.34084564	0.00542934
3.34418816	0.00543119
3.34753402	0.00543266
3.35088323	0.00543406
3.35423579	0.00543425
3.35759170	0.00543408
3.36095097	0.00543398
3.36431361	0.00543346
3.36767960	0.00543303
3.37104897	0.00543275
3.37442170	0.00543229
3.37779781	0.00543186
3.38117730	0.00543105
3.38456017	0.00543010
3.38794642	0.00542878
3.39133606	0.00542746
3.39472909	0.00542587
3.39812552	0.00542441
3.40152534	0.00542315
3.40492857	0.00542172
3.40833520	0.00542018
3.41174524	0.00541861
3.41515869	0.00541716
3.41857556	0.00541576
3.42199585	0.00541502
3.42541955	0.00541540
3.42884669	0.00541674
3.43227725	0.00541802
3.43571124	0.00541839
3.43914867	0.00541766
3.44258954	0.00541687
3.44603385	0.00541610
3.44948161	0.00541563
3.45293282	0.00541494
3.45638748	0.00541436
3.45984559	0.00541411
3.46330717	0.00541356
3.46677221	0.00541318
3.47024071	0.00541226
3.47371269	0.00541176
3.47718814	0.00541075
3.48066707	0.00541045
3.48414948	0.00540996
3.48763537	0.00540856
3.49112475	0.00540755
3.49461762	0.00540692
3.49811398	0.00540545
3.50161385	0.00540480
3.50511721	0.00540381
3.50862408	0.00540291
3.51213446	0.00540258
3.51564835	0.00540467
3.51916576	0.00540734
3.52268669	0.00541049
3.52621114	0.00541511
3.52973911	0.00541970
3.53327061	0.00542359
3.53680565	0.00542864
3.54034423	0.00543352
3.54388634	0.00543834
3.54743200	0.00544275
3.55098121	0.00544836
3.55453396	0.00545189
3.55809028	0.00545535
3.56165015	0.00545874
3.56521358	0.00546004
3.56878057	0.00546377
3.57235114	0.00546410
3.57592528	0.00546501
3.57950299	0.00546622
3.58308429	0.00546559
3.58666916	0.00546471
3.59025762	0.00546374
3.59384968	0.00546233
3.59744533	0.00546017
3.60104457	0.00547759
3.60464742	0.00547407
3.60825387	0.00547065
3.61186392	0.00547510
3.61547759	0.00547266
3.61909488	0.00546752
3.62271579	0.00546825
3.62634031	0.00546864
3.62996847	0.00546580
3.63360025	0.00546516
3.63723567	0.00546571
3.64087472	0.00546500
3.64451742	0.00546371
3.64816376	0.00546420
3.65181375	0.00546309
3.65546739	0.00546242
3.65912468	0.00546226
3.66278564	0.00546106
3.66645026	0.00545975
3.67011854	0.00545868
3.67379050	0.00545669
3.67746612	0.00545473
3.68114543	0.00545314
3.68482842	0.00545155
3.68851509	0.00544972
3.69220545	0.00544794
3.69589950	0.00544636
3.69959725	0.00544469
3.70329870	0.00544305
3.70700385	0.00544194
3.71071270	0.00544081
3.71442527	0.00544051
3.71814156	0.00544079
3.72186156	0.00544087
3.72558528	0.00544148
3.72931273	0.00544221
3.73304391	0.00544262
3.73677882	0.00544342
3.74051747	0.00544337
3.74425985	0.00544374
3.74800599	0.00544380
3.75175587	0.00544384
3.75550950	0.00544535
3.75926689	0.00544823
3.76302803	0.00544906
3.76679294	0.00544857
3.77056162	0.00545097
3.77433407	0.00544805
3.77811029	0.00544730
3.78189029	0.00544742
3.78567407	0.00544714
3.78946164	0.00544369
3.79325300	0.00544388
3.79704815	0.00544397
3.80084710	0.00544326
3.80464984	0.00544313
3.80845640	0.00544231
3.81226676	0.00544090
3.81608093	0.00543950
3.81989892	0.00543897
3.82372073	0.00543698
3.82754636	0.00543648
3.83137582	0.00543586
3.83520912	0.00543559
3.83904624	0.00543510
3.84288721	0.00543449
3.84673202	0.00543381
3.85058068	0.00543243
3.85443318	0.00543181
3.85828954	0.00543235
3.86214976	0.00543160
3.86601384	0.00543165
3.86988179	0.00543109
3.87375361	0.00543029
3.87762930	0.00542965
3.88150887	0.00542870
3.88539232	0.00542788
3.88927965	0.00542706
3.89317088	0.00542655
3.89706600	0.00542539
3.90096501	0.00542406
3.90486793	0.00542299
3.90877475	0.00542157
3.91268548	0.00542061
3.91660012	0.00541975
3.92051868	0.00541854
3.92444116	0.00541795
3.92836756	0.00541732
3.93229790	0.00541698
3.93623216	0.00541719
3.94017036	0.00541731
3.94411250	0.00541798
3.94805859	0.00541924
3.95200862	0.00542084
3.95596261	0.00542237
3.95992055	0.00542385
3.96388245	0.00542526
3.96784832	0.00542709
3.97181815	0.00542849
3.97579195	0.00543011
3.97976973	0.00543172
3.98375149	0.00543340
3.98773724	0.00543537
3.99172697	0.00543756
3.99572069	0.00543922
3.99971841	0.00544141
4.00372013	0.00544362
4.00772585	0.00544545
4.01173558	0.00544787
4.01574933	0.00545002
4.01976708	0.00545286
4.02378886	0.00545543
4.02781466	0.00545797
4.03184449	0.00546051
4.03587835	0.00546353
4.03991625	0.00546651
4.04395819	0.00546926
4.04800417	0.00547199
4.05205420	0.00547468
4.05610828	0.00547764
4.06016641	0.00548045
4.06422861	0.00548341
4.06829487	0.00548654
4.07236520	0.00548792
4.07643961	0.00548851
4.08051808	0.00548840
4.08460064	0.00548765
4.08868729	0.00548619
4.09277802	0.00548697
4.09687284	0.00548663
4.10097177	0.00548765
4.10507479	0.00548766
4.10918192	0.00548748
4.11329315	0.00548683
4.11740850	0.00548581
4.12152797	0.00548451
4.12565156	0.00548319
4.12977928	0.00548143
4.13391112	0.00547991
4.13804710	0.00547791
4.14218722	0.00547618
4.14633148	0.00547434
4.15047988	0.00547218
4.15463244	0.00547026
4.15878915	0.00546833
4.16295002	0.00546643
4.16711505	0.00546443
4.17128425	0.00546262
4.17545762	0.00546112
4.17963517	0.00545959
4.18381689	0.00545814
4.18800280	0.00545690
4.19219290	0.00545613
4.19638719	0.00545703
4.20058567	0.00545657
4.20478836	0.00545534
4.20899525	0.00545503
4.21320635	0.00545354
4.21742167	0.00545266
4.22164120	0.00545218
4.22586495	0.00545223
4.23009293	0.00545127
4.23432514	0.00545134
4.23856158	0.00545165
4.24280226	0.00545090
4.24704719	0.00544957
4.25129636	0.00544908
4.25554978	0.00544778
4.25980746	0.00544671
4.26406940	0.00544768
4.26833560	0.00544537
4.27260607	0.00544574
4.27688081	0.00544447
4.28115983	0.00544783
4.28544313	0.00544564
4.28973072	0.00544385
4.29402260	0.00544131
4.29831877	0.00543987
4.30261923	0.00544425
4.30692401	0.00544169
4.31123308	0.00543978
4.31554647	0.00543936
4.31986418	0.00543754
4.32418620	0.00544059
4.32851255	0.00543880
4.33284323	0.00543798
4.33717824	0.00543712
4.34151759	0.00543529
4.34586128	0.00543490
4.35020931	0.00543573
4.35456170	0.00543414
4.35891844	0.00543437
4.36327954	0.00543176
4.36764500	0.00543357
4.37201483	0.00543297
4.37638903	0.00543270
4.38076761	0.00543178
4.38515057	0.00543112
4.38953791	0.00543064
4.39392964	0.00543115
4.39832577	0.00543070
4.40272630	0.00543007
4.40713122	0.00543073
4.41154056	0.00543059
4.41595431	0.00543140
4.42037247	0.00543175
4.42479505	0.00543165
4.42922206	0.00543223
4.43365350	0.00543316
4.43808937	0.00543414
4.44252968	0.00543565
4.44697443	0.00543686
4.45142363	0.00543703
4.45587728	0.00543731
4.46033539	0.00543777
4.46479795	0.00543731
4.46926498	0.00543733
4.47373648	0.00543749
4.47821246	0.00543603
4.48269291	0.00543534
4.48717784	0.00543432
4.49166727	0.00543364
4.49616118	0.00543230
4.50065959	0.00543124
4.50516250	0.00543058
4.50966992	0.00542959
4.51418184	0.00542841
4.51869828	0.00542749
4.52321924	0.00542668
4.52774472	0.00542562
4.53227473	0.00542478
4.53680927	0.00542384
4.54134835	0.00542299
4.54589197	0.00542223
4.55044014	0.00542109
4.55499285	0.00542026
4.55955012	0.00541955
4.56411195	0.00541856
4.56867835	0.00541755
4.57324931	0.00541678
4.57782485	0.00541589
4.58240496	0.00541521
4.58698966	0.00541448
4.59157895	0.00541388
4.59617282	0.00541326
4.60077129	0.00541273
4.60537436	0.00541240
4.60998204	0.00541212
4.61459433	0.00541228
4.61921123	0.00541387
4.62383275	0.00541260
4.62845890	0.00541280
4.63308967	0.00541330
4.63772508	0.00541376
4.64236513	0.00541442
4.64700981	0.00541520
4.65165915	0.00541612
4.65631313	0.00541756
4.66097177	0.00541804
4.66563508	0.00541939
4.67030305	0.00542059
4.67497569	0.00542173
4.67965300	0.00542290
4.68433499	0.00542417
4.68902167	0.00542525
4.69371304	0.00542748
4.69840910	0.00542907
4.70310986	0.00542875
4.70781532	0.00543003
4.71252549	0.00542884
4.71724037	0.00542817
4.72195997	0.00542726
4.72668429	0.00542617
4.73141334	0.00542565
4.73614712	0.00542391
4.74088564	0.00542357
4.74562889	0.00542379
4.75037690	0.00542205
4.75512965	0.00542112
4.75988716	0.00541991
4.76464943	0.00541898
4.76941646	0.00541798
4.77418826	0.00542022
4.77896484	0.00541792
4.78374619	0.00541483
4.78853233	0.00541457
4.79332326	0.00541441
4.79811898	0.00541385
4.80291950	0.00541378
4.80772482	0.00541434
4.81253495	0.00541916
4.81734989	0.00541273
4.82216965	0.00541165
4.82699423	0.00541065
4.83182364	0.00541032
4.83665788	0.00540925
4.84149696	0.00540909
4.84634088	0.00540968
4.85118964	0.00540911
4.85604326	0.00540984
4.86090173	0.00541183
4.86576506	0.00541485
4.87063326	0.00541327
4.87550633	0.00541130
4.88038428	0.00540865
4.88526710	0.00540768
4.89015481	0.00540530
4.89504741	0.00540483
4.89994491	0.00540411
4.90484730	0.00540280
4.90975460	0.00540200
4.91466681	0.00540104
4.91958394	0.00539976
4.92450598	0.00539842
4.92943295	0.00539810
4.93436485	0.00539675
4.93930168	0.00539636
4.94424346	0.00539582
4.94919017	0.00539515
4.95414184	0.00539530
4.95909846	0.00539501
4.96406004	0.00539502
4.96902658	0.00539554
4.97399809	0.00539610
4.97897458	0.00539719
4.98395604	0.00539753
4.98894249	0.00539883
4.99393393	0.00539971
4.99893036	0.00540063
5.00393179	0.00540139
5.00893823	0.00540283
5.01394967	0.00540388
5.01896613	0.00540548
5.02398760	0.00540667
5.02901410	0.00540784
5.03404563	0.00540956
5.03908220	0.00541056
5.04412380	0.00541255
5.04917045	0.00541370
5.05422214	0.00541501
5.05927889	0.00541699
5.06434070	0.00541815
5.06940758	0.00542010
5.07447952	0.00542167
5.07955654	0.00542285
5.08463863	0.00542444
5.08972581	0.00542591
5.09481809	0.00542739
5.09991545	0.00542860
5.10501792	0.00543045
5.11012549	0.00543166
5.11523817	0.00543328
5.12035597	0.00543517
5.12547889	0.00543672
5.13060693	0.00543844
5.13574010	0.00544050
5.14087841	0.00544232
5.14602186	0.00544433
5.15117045	0.00544650
5.15632420	0.00544744
5.16148311	0.00544933
5.16664717	0.00545103
5.17181640	0.00545244
5.17699080	0.00545279
5.18217038	0.00545383
5.18735515	0.00545422
5.19254510	0.00545429
5.19774024	0.00545449
5.20294058	0.00545417
5.20814612	0.00545442
5.21335687	0.00545400
5.21857284	0.00545373
5.22379402	0.00545325
5.22902043	0.00545311
5.23425206	0.00545243
5.23948893	0.00545193
5.24473104	0.00545165
5.24997840	0.00545145
5.25523100	0.00545085
5.26048886	0.00545025
5.26575198	0.00544983
5.27102037	0.00544909
5.27629402	0.00544855
5.28157296	0.00544794
5.28685717	0.00544669
5.29214667	0.00544529
5.29744147	0.00544353
5.30274156	0.00544175
5.30804695	0.00543989
5.31335765	0.00543818
5.31867367	0.00543631
5.32399500	0.00543455
5.32932166	0.00543285
5.33465365	0.00543113
5.33999097	0.00542948
5.34533363	0.00542816
5.35068164	0.00542678
5.35603500	0.00542554
5.36139371	0.00542435
5.36675778	0.00542329
5.37212723	0.00542224
5.37750204	0.00542148
5.38288223	0.00542077
5.38826781	0.00542063
5.39365877	0.00541994
5.39905513	0.00541928
5.40445688	0.00541840
5.40986404	0.00541811
5.41527661	0.00541733
5.42069460	0.00541688
5.42611800	0.00541634
5.43154683	0.00541598
5.43698110	0.00541543
5.44242080	0.00541486
5.44786594	0.00541463
5.45331653	0.00541430
5.45877258	0.00541388
5.46423408	0.00541356
5.46970105	0.00541338
5.47517348	0.00541293
5.48065140	0.00541276
5.48613479	0.00541237
5.49162367	0.00541217
5.49711804	0.00541201
5.50261790	0.00541171
5.50812327	0.00541153
5.51363415	0.00541144
5.51915054	0.00541128
5.52467246	0.00541122
5.53019989	0.00541117
5.53573286	0.00541099
5.54127136	0.00541090
5.54681540	0.00541075
5.55236499	0.00541038
5.55792013	0.00540977
5.56348083	0.00540914
5.56904710	0.00540863
5.57461893	0.00540827
5.58019634	0.00540846
5.58577932	0.00540851
5.59136790	0.00540878
5.59696206	0.00540920
5.60256182	0.00540927
5.60816719	0.00540794
5.61377816	0.00540823
5.61939475	0.00540865
5.62501695	0.00540814
5.63064478	0.00540701
5.63627824	0.00540702
5.64191734	0.00540794
5.64756208	0.00540765
5.65321247	0.00540764
5.65886851	0.00540796
5.66453021	0.00540876
5.67019757	0.00540973
5.67587060	0.00541097
5.68154931	0.00541170
5.68723370	0.00541291
5.69292378	0.00541407
5.69861955	0.00541521
5.70432102	0.00541707
5.71002820	0.00541787
5.71574108	0.00541895
5.72145968	0.00542054
5.72718400	0.00542175
5.73291405	0.00542272
5.73864983	0.00542373
5.74439135	0.00542461
5.75013862	0.00542565
5.75589163	0.00542633
5.76165040	0.00542714
5.76741493	0.00542741
5.77318523	0.00542714
5.77896131	0.00542756
5.78474316	0.00542853
5.79053079	0.00542823
5.79632422	0.00542752
5.80212344	0.00542650
5.80792847	0.00542590
5.81373930	0.00542591
5.81955595	0.00542660
5.82537842	0.00542735
5.83120671	0.00542751
5.83704083	0.00542864
5.84288079	0.00543576
5.84872660	0.00543788
5.85457825	0.00543325
5.86043575	0.00543087
5.86629912	0.00543087
5.87216835	0.00543111
5.87804346	0.00543110
5.88392444	0.00543167
5.88981131	0.00542946
5.89570407	0.00542940
5.90160272	0.00542912
5.90750728	0.00542875
5.91341774	0.00542912
5.91933411	0.00542886
5.92525641	0.00542858
5.93118463	0.00542867
5.93711878	0.00542892
5.94305887	0.00542915
5.94900490	0.00542920
5.95495688	0.00542959
5.96091481	0.00542952
5.96687871	0.00542995
5.97284857	0.00543027
5.97882441	0.00543071
5.98480622	0.00543111
5.99079402	0.00543161
5.99678781	0.00543230
6.00278760	0.00543271
6.00879339	0.00543325
6.01480519	0.00543411
6.02082300	0.00543456
6.02684684	0.00543545
6.03287670	0.00543630
6.03891259	0.00543709
6.04495453	0.00543790
6.05100251	0.00543922
6.05705653	0.00543994
6.06311662	0.00544058
6.06918277	0.00544185
6.07525499	0.00544242
6.08133328	0.00544428
6.08741766	0.00544513
6.09350812	0.00544719
6.09960467	0.00544757
6.10570733	0.00544921
6.11181609	0.00544995
6.11793096	0.00545205
6.12405196	0.00545362
6.13017907	0.00545446
6.13631232	0.00545538
6.14245170	0.00545588
6.14859722	0.00545699
6.15474889	0.00545772
6.16090672	0.00545838
6.16707071	0.00545909
6.17324086	0.00545942
6.17941719	0.00545986
6.18559970	0.00546013
6.19178839	0.00546071
6.19798328	0.00546077
6.20418436	0.00546143
6.21039165	0.00546085
6.21660515	0.00546133
6.22282486	0.00546213
6.22905080	0.00546274
6.23528297	0.00546379
6.24152137	0.00546500
6.24776601	0.00546593
6.25401690	0.00546672
6.26027405	0.00546808
6.26653745	0.00547076
6.27280712	0.00547031
6.27908307	0.00546669
6.28536529	0.00546483
6.29165380	0.00546826
6.29794860	0.00546692
6.30424970	0.00546527
6.31055710	0.00546526
6.31687082	0.00546507
6.32319085	0.00546334
6.32951720	0.00546380
6.33584988	0.00546485
6.34218890	0.00546555
6.34853426	0.00546505
6.35488597	0.00546446
6.36124404	0.00546375
6.36760846	0.00546354
6.37397926	0.00546218
6.38035642	0.00546121
6.38673997	0.00546050
6.39312991	0.00546894
6.39952623	0.00546834
6.40592896	0.00546587
6.41233809	0.00546357
6.41875364	0.00546065
6.42517560	0.00546504
6.43160399	0.00546153
6.43803881	0.00545882
6.44448007	0.00545751
6.45092778	0.00545738
6.45738193	0.00545750
6.46384254	0.00545762
6.47030962	0.00545803
6.47678316	0.00545886
6.48326319	0.00545916
6.48974969	0.00545975
6.49624269	0.00545965
6.50274218	0.00545959
6.50924817	0.00545935
6.51576068	0.00545772
6.52227970	0.00545738
6.52880524	0.00545583
6.53533731	0.00545488
6.54187592	0.00545395
6.54842106	0.00545396
6.55497276	0.00545505
6.56153101	0.00545745
6.56809582	0.00545767
6.57466721	0.00545819
6.58124516	0.00545755
6.58782970	0.00545671
6.59442082	0.00545622
6.60101854	0.00545538
6.60762286	0.00545441
6.61423379	0.00545345
6.62085133	0.00545283
6.62747549	0.00545198
6.63410629	0.00545158
6.64074371	0.00545107
6.64738777	0.00545031
6.65403849	0.00545034
6.66069585	0.00545073
6.66735988	0.00544937
6.67403058	0.00544841
6.68070794	0.00544761
6.68739199	0.00544599
6.69408273	0.00544593
6.70078016	0.00544478
6.70748429	0.00544461
6.71419513	0.00544455
6.72091269	0.00544490
6.72763696	0.00544395
6.73436796	0.00544359
6.74110570	0.00544378
6.74785018	0.00544281
6.75460140	0.00544273
6.76135938	0.00544287
6.76812412	0.00544262
6.77489563	0.00544224
6.78167392	0.00544284
6.78845898	0.00544292
6.79525084	0.00544345
6.80204949	0.00544379
6.80885494	0.00544461
6.81566720	0.00544529
6.82248627	0.00544647
6.82931217	0.00544734
6.83614490	0.00544885
6.84298446	0.00544950
6.84983087	0.00545097
6.85668413	0.00545168
6.86354424	0.00545227
6.87041122	0.00545417
6.87728507	0.00545517
6.88416579	0.00545686
6.89105340	0.00545781
6.89794790	0.00545926
6.90484930	0.00545938
6.91175760	0.00546220
6.91867282	0.00546162
6.92559495	0.00546330
6.93252401	0.00546470
6.93946000	0.00546448
6.94640293	0.00546886
6.95335281	0.00546981
6.96030964	0.00547049
6.96727343	0.00547144
6.97424419	0.00547360
6.98122192	0.00547466
6.98820663	0.00547663
6.99519834	0.00547757
7.00219703	0.00547918
7.00920273	0.00548115
7.01621544	0.00548259
7.02323517	0.00548312
7.03026191	0.00548527
7.03729569	0.00548657
7.04433651	0.00548780
7.05138437	0.00548966
7.05843928	0.00549090
7.06550125	0.00549178
7.07257028	0.00549308
7.07964639	0.00549430
7.08672958	0.00549524
7.09381985	0.00549628
7.10091722	0.00549747
7.10802169	0.00549825
7.11513327	0.00549967
7.12225196	0.00550003
7.12937777	0.00550065
7.13651072	0.00550084
7.14365080	0.00550108
7.15079802	0.00550146
7.15795239	0.00550158
7.16511393	0.00550152
7.17228262	0.00550183
7.17945849	0.00550193
7.18664154	0.00550168
7.19383178	0.00550184
7.20102921	0.00550144
7.20823384	0.00550152
7.21544568	0.00550103
7.22266473	0.00550126
7.22989101	0.00550127
7.23712452	0.00550129
7.24436526	0.00550100
7.25161325	0.00550144
7.25886849	0.00550146
7.26613099	0.00550168
7.27340076	0.00550177
7.28067780	0.00550169
7.28796211	0.00550167
7.29525372	0.00550179
7.30255262	0.00550170
7.30985883	0.00550136
7.31717234	0.00550095
7.32449318	0.00550093
7.33182133	0.00550007
7.33915682	0.00549958
7.34649965	0.00549929
7.35384982	0.00549837
7.36120735	0.00549779
7.36857224	0.00549722
7.37594450	0.00549624
7.38332413	0.00549535
7.39071115	0.00549462
7.39810556	0.00549333
7.40550736	0.00549219
7.41291657	0.00549123
7.42033320	0.00549006
7.42775724	0.00548913
7.43518872	0.00548784
7.44262762	0.00548657
7.45007397	0.00548556
7.45752777	0.00548411
7.46498903	0.00548300
7.47245775	0.00548204
7.47993395	0.00548064
7.48741762	0.00547942
7.49490879	0.00547835
7.50240744	0.00547683
7.50991360	0.00547621
7.51742727	0.00547478
7.52494846	0.00547342
7.53247717	0.00547249
7.54001342	0.00547144
7.54755720	0.00547003
7.55510854	0.00546880
7.56266742	0.00546810
7.57023387	0.00546701
7.57780789	0.00546532
7.58538949	0.00546371
7.59297867	0.00546341
7.60057545	0.00546194
7.60817983	0.00546044
7.61579181	0.00546036
7.62341141	0.00545871
7.63103864	0.00545730
7.63867349	0.00545644
7.64631599	0.00545500
7.65396613	0.00545402
7.66162392	0.00545267
7.66928938	0.00545201
7.67696250	0.00545081
7.68464331	0.00544965
7.69233179	0.00544865
7.70002797	0.00544692
7.70773185	0.00544638
7.71544344	0.00544512
7.72316274	0.00544378
7.73088977	0.00544309
7.73862452	0.00544153
7.74636702	0.00544116
7.75411726	0.00543962
7.76187526	0.00543870
7.76964101	0.00543792
7.77741454	0.00543658
7.78519584	0.00543557
7.79298493	0.00543478
7.80078182	0.00543381
7.80858650	0.00543308
7.81639899	0.00543208
7.82421930	0.00543102
7.83204743	0.00543039
7.83988340	0.00542930
7.84772720	0.00542907
7.85557886	0.00542758
7.86343836	0.00542713
7.87130574	0.00542641
7.87918098	0.00542552
7.88706410	0.00542470
7.89495511	0.00542446
7.90285401	0.00542340
7.91076082	0.00542298
7.91867554	0.00542189
7.92659817	0.00542152
7.93452874	0.00542085
7.94246723	0.00542043
7.95041367	0.00541993
7.95836806	0.00541931
7.96633041	0.00541899
7.97430073	0.00541880
7.98227902	0.00541813
7.99026529	0.00541752
7.99825955	0.00541729
8.00626181	0.00541692
8.01427208	0.00541652
8.02229036	0.00541595
8.03031666	0.00541566
8.03835099	0.00541533
8.04639336	0.00541513
8.05444378	0.00541473
8.06250225	0.00541436
8.07056879	0.00541432
8.07864339	0.00541419
8.08672608	0.00541393
8.09481685	0.00541395
8.10291571	0.00541405
8.11102268	0.00541368
8.11913776	0.00541340
8.12726096	0.00541360
8.13539229	0.00541342
8.14353175	0.00541355
8.15167935	0.00541364
8.15983511	0.00541397
8.16799903	0.00541369
8.17617111	0.00541409
8.18435137	0.00541440
8.19253982	0.00541392
8.20073645	0.00541398
8.20894129	0.00541442
8.21715434	0.00541422
8.22537560	0.00541495
8.23360509	0.00541449
8.24184282	0.00541479
8.25008878	0.00541456
8.25834300	0.00541539
8.26660547	0.00541537
8.27487621	0.00541525
8.28315523	0.00541507
8.29144252	0.00541548
8.29973811	0.00541509
8.30804200	0.00541559
8.31635420	0.00541582
8.32467471	0.00541584
8.33300355	0.00541618
8.34134072	0.00541583
8.34968624	0.00541611
8.35804010	0.00541662
8.36640232	0.00541658
8.37477291	0.00541679
8.38315187	0.00541698
8.39153921	0.00541676
8.39993495	0.00541763
8.40833909	0.00541721
8.41675163	0.00541742
8.42517259	0.00541812
8.43360198	0.00541755
8.44203980	0.00541765
8.45048606	0.00541900
8.45894077	0.00541829
8.46740394	0.00541809
8.47587558	0.00541911
8.48435570	0.00541838
8.49284430	0.00541912
8.50134139	0.00541954
8.50984698	0.00541880
8.51836109	0.00541933
8.52688371	0.00541955
8.53541486	0.00541912
8.54395454	0.00542017
8.55250277	0.00542025
8.56105955	0.00541922
8.56962489	0.00542005
8.57819880	0.00542001
8.58678129	0.00541913
8.59537237	0.00542024
8.60397204	0.00541935
8.61258031	0.00541948
8.62119720	0.00542006
8.62982271	0.00541933
8.63845685	0.00541944
8.64709963	0.00541879
8.65575105	0.00541873
8.66441113	0.00541832
8.67307988	0.00541874
8.68175730	0.00541822
8.69044340	0.00541820
8.69913819	0.00541843
8.70784167	0.00541794
8.71655387	0.00541841
8.72527479	0.00541849
8.73400442	0.00541840
8.74274280	0.00541921
8.75148991	0.00541881
8.76024578	0.00541916
8.76901041	0.00541962
8.77778380	0.00541990
8.78656598	0.00542000
8.79535694	0.00541985
8.80415669	0.00542103
8.81296526	0.00542024
8.82178263	0.00542046
8.83060882	0.00542234
8.83944385	0.00542081
8.84828771	0.00542091
8.85714043	0.00542284
8.86600200	0.00542183
8.87487243	0.00542143
8.88375175	0.00542292
8.89263994	0.00542288
8.90153703	0.00542223
8.91044302	0.00542333
8.91935792	0.00542359
8.92828174	0.00542335
8.93721448	0.00542402
8.94615617	0.00542415
8.95510680	0.00542461
8.96406638	0.00542478
8.97303493	0.00542491
8.98201246	0.00542582
8.99099896	0.00542617
8.99999446	0.00542648
9.00899895	0.00542669
9.01801246	0.00542733
9.02703498	0.00542810
9.03606653	0.00542843
9.04510712	0.00542871
9.05415675	0.00542962
9.06321544	0.00543018
9.07228318	0.00543069
9.08136000	0.00543144
9.09044591	0.00543154
9.09954090	0.00543249
9.10864499	0.00543326
9.11775819	0.00543333
9.12688051	0.00543403
9.13601196	0.00543432
9.14515254	0.00543513
9.15430226	0.00543607
9.16346115	0.00543655
9.17262919	0.00543651
9.18180641	0.00543788
9.19099281	0.00543768
9.20018840	0.00543877
9.20939319	0.00543943
9.21860719	0.00543948
9.22783040	0.00544070
9.23706285	0.00544123
9.24630453	0.00544132
9.25555546	0.00544207
9.26481565	0.00544270
9.27408510	0.00544296
9.28336382	0.00544411
9.29265183	0.00544410
9.30194913	0.00544480
9.31125573	0.00544490
9.32057164	0.00544580
9.32989687	0.00544627
9.33923144	0.00544684
9.34857534	0.00544678
9.35792859	0.00544794
9.36729120	0.00544864
9.37666318	0.00544875
9.38604453	0.00544947
9.39543527	0.00545112
9.40483540	0.00545039
9.41424494	0.00545038
9.42366390	0.00545109
9.43309227	0.00545674
9.44253008	0.00545537
9.45197734	0.00545331
9.46143404	0.00545106
9.47090021	0.00544971
9.48037585	0.00544915
9.48986096	0.00544753
9.49935557	0.00544703
9.50885968	0.00544574
9.51837329	0.00544415
9.52789643	0.00544401
9.53742909	0.00544207
9.54697129	0.00544097
9.55652303	0.00544144
9.56608434	0.00544013
9.57565521	0.00543942
9.58523565	0.00543961
9.59482568	0.00543871
9.60442531	0.00543863
9.61403454	0.00543837
9.62365338	0.00543866
9.63328185	0.00543780
9.64291995	0.00543803
9.65256769	0.00543866
9.66222508	0.00543828
9.67189214	0.00543822
9.68156887	0.00543903
9.69125528	0.00543846
9.70095139	0.00543862
9.71065719	0.00543928
9.72037270	0.00543837
9.73009794	0.00543846
9.73983290	0.00543887
9.74957761	0.00543758
9.75933206	0.00543734
9.76909627	0.00543828
9.77887026	0.00543617
9.78865402	0.00543591
9.79844757	0.00543595
9.80825092	0.00543458
9.81806407	0.00543421
9.82788705	0.00543402
9.83771985	0.00543290
9.84756249	0.00543261
9.85741498	0.00543226
9.86727732	0.00543126
9.87714954	0.00543162
9.88703163	0.00543013
9.89692360	0.00542973
9.90682548	0.00543032
9.91673726	0.00542844
9.92665895	0.00542867
9.93659058	0.00542868
9.94653214	0.00542746
9.95648365	0.00542750
9.96644511	0.00542711
9.97641654	0.00542649
9.98639795	0.00542622
9.99638934	0.00542613
10.00639073	0.00542511
10.01640212	0.00542552
10.02642354	0.00542515
10.03645497	0.00542425
10.04649645	0.00542466
10.05654797	0.00542415
10.06660955	0.00542388
10.07668119	0.00542364
10.08676291	0.00542337
10.09685472	0.00542263
10.10695663	0.00542255
10.11706864	0.00542208
10.12719077	0.00542184
10.13732302	0.00542164
10.14746542	0.00542107
10.15761796	0.00542079
10.16778066	0.00542044
10.17795352	0.00542036
10.18813657	0.00541943
10.19832980	0.00541943
10.20853323	0.00541948
10.21874687	0.00541863
10.22897073	0.00541841
10.23920481	0.00541762
10.24944914	0.00541759
10.25970371	0.00541725
10.26996855	0.00541676
10.28024366	0.00541582
10.29052904	0.00541583
10.30082472	0.00541551
10.31113069	0.00541474
10.32144698	0.00541453
10.33177359	0.00541425
10.34211053	0.00541345
10.35245782	0.00541353
10.36281545	0.00541316
10.37318345	0.00541260
10.38356182	0.00541224
10.39395058	0.00541212
10.40434973	0.00541180
10.41475928	0.00541091
10.42517925	0.00541080
10.43560964	0.00541148
10.44605047	0.00541042
10.45650175	0.00541035
10.46696348	0.00540976
10.47743568	0.00541074
10.48791835	0.00540950
10.49841152	0.00541010
10.50891518	0.00541006
10.51942935	0.00540894
10.52995404	0.00540962
10.54048926	0.00540836
10.55103502	0.00540891
10.56159134	0.00540893
10.57215821	0.00540927
10.58273566	0.00540809
10.59332368	0.00540866
10.60392231	0.00540811
10.61453153	0.00540875
10.62515137	0.00540829
10.63578184	0.00540905
10.64642294	0.00540825
10.65707469	0.00540910
10.66773709	0.00540842
10.67841017	0.00540949
10.68909392	0.00540854
10.69978836	0.00541002
10.71049350	0.00540938
10.72120935	0.00541002
10.73193592	0.00540935
10.74267322	0.00541047
10.75342127	0.00541012
10.76418007	0.00541087
10.77494963	0.00541044
10.78572997	0.00541228
10.79652110	0.00541173
10.80732302	0.00541261
10.81813575	0.00541258
10.82895929	0.00541318
10.83979367	0.00541370
10.85063888	0.00541398
10.86149495	0.00541500
10.87236188	0.00541515
10.88323968	0.00541574
10.89412836	0.00541618
10.90502794	0.00541711
10.91593842	0.00541725
10.92685982	0.00541812
10.93779214	0.00541823
10.94873541	0.00541878
10.95968962	0.00541933
10.97065479	0.00541974
10.98163093	0.00541984
10.99261806	0.00542068
11.00361617	0.00542089
11.01462529	0.00542086
11.02564543	0.00542146
11.03667659	0.00542185
11.04771878	0.00542198
11.05877203	0.00542216
11.06983633	0.00542188
11.08091170	0.00542235
11.09199816	0.00542221
11.10309570	0.00542231
11.11420435	0.00542183
11.12532412	0.00542183
11.13645500	0.00542127
11.14759703	0.00542119
11.15875020	0.00542084
11.16991453	0.00542045
11.18109004	0.00542075
11.19227672	0.00542061
11.20347459	0.00542055
11.21468367	0.00542030
11.22590396	0.00542117
11.23713548	0.00542101
11.24837824	0.00542196
11.25963224	0.00542217
11.27089751	0.00542315
11.28217404	0.00542392
11.29346186	0.00542481
11.30476097	0.00542565
11.31607138	0.00542645
11.32739312	0.00542739
11.33872617	0.00542876
11.35007057	0.00543007
11.36142632	0.00543009
11.37279343	0.00543123
11.38417191	0.00543153
11.39556178	0.00543195
11.40696304	0.00543205
11.41837571	0.00543229
11.42979979	0.00543323
11.44123531	0.00543320
11.45268227	0.00543347
11.46414068	0.00543378
11.47561055	0.00543398
11.48709190	0.00543331
11.49858474	0.00543397
11.51008908	0.00543323
11.52160492	0.00543338
11.53313229	0.00543343
11.54467119	0.00543304
11.55622163	0.00543299
11.56778364	0.00543342
11.57935721	0.00543277
11.59094235	0.00543295
11.60253909	0.00543292
11.61414744	0.00543309
11.62576739	0.00543211
11.63739898	0.00543286
11.64904220	0.00543251
11.66069706	0.00543347
11.67236359	0.00543326
11.68404180	0.00543317
11.69573168	0.00543339
11.70743326	0.00543324
11.71914655	0.00543364
11.73087156	0.00543363
11.74260830	0.00543371
11.75435678	0.00543347
11.76611702	0.00543382
11.77788902	0.00543366
11.78967280	0.00543387
11.80146837	0.00543347
11.81327574	0.00543370
11.82509492	0.00543351
11.83692593	0.00543390
11.84876878	0.00543380
11.86062347	0.00543350
11.87249003	0.00543280
11.88436846	0.00543328
11.89625877	0.00543323
11.90816098	0.00543295
11.92007510	0.00543275
11.93200113	0.00543238
11.94393910	0.00543202
11.95588902	0.00543201
11.96785088	0.00543147
11.97982472	0.00543147
11.99181054	0.00543088
12.00380835	0.00543062
12.01581816	0.00543009
12.02783999	0.00542958
12.03987384	0.00542940
12.05191974	0.00542910
12.06397769	0.00542871
12.07604770	0.00542942
12.08812979	0.00542722
12.10022396	0.00542737
12.11233024	0.00542653
12.12444863	0.00542632
12.13657914	0.00542583
12.14872179	0.00542544
12.16087659	0.00542487
12.17304355	0.00542435
12.18522268	0.00542422
12.19741399	0.00542328
12.20961751	0.00542322
12.22183323	0.00542234
12.23406118	0.00542221
12.24630136	0.00542133
12.25855379	0.00542124
12.27081847	0.00542051
12.28309543	0.00542023
12.29538467	0.00541954
12.30768620	0.00541954
12.32000004	0.00541860
12.33232621	0.00541867
12.34466470	0.00541759
12.35701554	0.00541776
12.36937874	0.00541664
12.38175430	0.00541673
12.39414225	0.00541581
12.40654259	0.00541569
12.41895534	0.00541509
12.43138050	0.00541520
12.44381810	0.00541406
12.45626814	0.00541432
12.46873064	0.00541326
12.48120561	0.00541361
12.49369306	0.00541305
12.50619300	0.00541249
12.51870545	0.00541207
12.53123042	0.00541254
12.54376791	0.00541154
12.55631796	0.00541087
12.56888055	0.00541150
12.58145572	0.00541113
12.59404347	0.00541182
12.60664381	0.00541150
12.61925676	0.00541547
12.63188233	0.00541860
12.64452053	0.00541238
12.65717137	0.00540937
12.66983488	0.00540864
12.68251105	0.00540891
12.69519990	0.00540895
12.70790145	0.00540767
12.72061571	0.00540804
12.73334269	0.00540750
12.74608240	0.00540793
12.75883486	0.00540705
12.77160007	0.00540771
12.78437806	0.00540743
12.79716883	0.00541067
12.80997240	0.00540971
12.82278878	0.00541011
12.83561799	0.00540747
12.84846002	0.00541149
12.86131491	0.00540868
12.87418266	0.00540974
12.88706328	0.00540795
12.89995679	0.00540768
12.91286320	0.00540993
12.92578252	0.00540770
12.93871477	0.00540952
12.95165995	0.00540737
12.96461809	0.00541090
12.97758919	0.00541359
12.99057327	0.00541523
13.00357034	0.00541348
13.01658042	0.00541255
13.02960351	0.00541371
13.04263963	0.00541498
13.05568879	0.00541323
13.06875101	0.00541307
13.08182630	0.00541291
13.09491467	0.00541398
13.10801613	0.00541287
13.12113071	0.00541481
13.13425840	0.00541292
13.14739923	0.00541566
13.16055320	0.00541428
13.17372034	0.00541585
13.18690065	0.00541479
13.20009414	0.00542155
13.21330084	0.00542260
13.22652075	0.00542019
13.23975389	0.00541911
13.25300026	0.00542055
13.26625989	0.00542084
13.27953279	0.00542010
13.29281896	0.00541876
13.30611843	0.00541946
13.31943120	0.00541864
13.33275729	0.00541967
13.34609672	0.00541896
13.35944949	0.00541985
13.37281562	0.00541843
13.38619513	0.00542056
13.39958802	0.00541855
13.41299431	0.00541999
13.42641401	0.00541868
13.43984714	0.00541964
13.45329371	0.00541826
13.46675373	0.00541906
13.48022722	0.00542718
13.49371419	0.00543208
13.50721466	0.00542522
13.52072863	0.00542335
13.53425612	0.00542166
13.54779714	0.00542399
13.56135172	0.00542050
13.57491985	0.00542062
13.58850156	0.00542142
13.60209686	0.00541966
13.61570576	0.00542185
13.62932827	0.00541945
13.64296442	0.00542221
13.65661421	0.00541903
13.67027765	0.00542170
13.68395477	0.00542044
13.69764557	0.00542153
13.71135006	0.00541931
13.72506827	0.00542175
13.73880020	0.00541948
13.75254588	0.00542234
13.76630530	0.00541979
13.78007849	0.00542205
13.79386546	0.00542055
13.80766623	0.00542154
13.82148080	0.00542049
13.83530919	0.00542004
13.84915142	0.00542210
13.86300750	0.00541931
13.87687744	0.00543493
13.89076126	0.00543583
13.90465897	0.00542865
13.91857058	0.00542613
13.93249612	0.00542395
13.94643558	0.00542179
13.96038899	0.00542152
13.97435636	0.00542043
13.98833771	0.00542328
14.00233304	0.00541660
14.01634238	0.00542330
14.03036573	0.00541825
14.04440312	0.00542028
14.05845454	0.00542044
14.07252003	0.00542020
14.08659959	0.00542080
14.10069323	0.00542029
14.11480098	0.00542310
14.12892284	0.00541800
14.14305883	0.00542175
14.15720896	0.00542012
14.17137325	0.00542310
14.18555171	0.00542247
14.19974436	0.00542243
14.21395121	0.00542544
14.22817227	0.00541880
14.24240756	0.00542377
14.25665709	0.00542098
14.27092087	0.00542457
14.28519893	0.00542218
14.29949128	0.00541890
14.31379792	0.00542694
14.32811888	0.00542044
14.34245416	0.00542164
14.35680379	0.00542607
14.37116778	0.00542330
14.38554613	0.00542287
14.39993887	0.00542142
14.41434601	0.00542930
14.42876757	0.00542196
14.44320355	0.00542567
14.45765398	0.00542703
14.47211887	0.00542367
14.48659822	0.00543027
14.50109207	0.00542660
14.51560041	0.00543564
14.53012327	0.00541978
14.54466066	0.00542409
14.55921260	0.00542546
14.57377909	0.00542186
14.58836016	0.00542851
14.60295582	0.00542226
14.61756608	0.00543809
14.63219096	0.00542103
14.64683047	0.00542422
14.66148462	0.00542935
14.67615344	0.00542671
14.69083693	0.00542936
14.70553512	0.00542250
14.72024801	0.00542904
14.73497562	0.00542400
14.74971797	0.00542316
14.76447506	0.00542630
14.77924692	0.00542398
14.79403356	0.00542826
14.80883499	0.00542168
14.82365123	0.00542922
14.83848230	0.00542466
14.85332820	0.00542576
14.86818896	0.00542919
14.88306459	0.00542986
14.89795510	0.00543270
14.91286050	0.00543670
14.92778082	0.00544430
14.94271607	0.00545086
14.95766626	0.00545909
14.97263141	0.00546202
14.98761153	0.00543714