# Wavelength [micron], Flux [(Rp/Rstar)^2], Flux Error [(Rp/Rstar)^2]
0.6024955 0.005432081 0.007346010
0.6069110 0.005431370 0.005689979
0.6114138 0.005430651 0.005177738
0.6160083 0.005429912 0.005998249
0.6207060 0.005429162 0.007610375
0.6255137 0.005428391 0.007161475
0.6304231 0.005427646 0.005455794
0.6354383 0.005426823 0.004321467
0.6405638 0.005426003 0.003374593
0.6458037 0.005425194 0.002691302
0.6511621 0.005424362 0.002413170
0.6566434 0.005423557 0.002217463
0.6622515 0.005422650 0.002195171
0.6679905 0.005421708 0.002524453
0.6738645 0.005420765 0.002810682
0.6798775 0.005419827 0.002433782
0.6860333 0.005418865 0.001908674
0.6923358 0.005418493 0.001386637
0.6988053 0.005417119 0.001030559
0.7054351 0.005415953 0.000944175
0.7122254 0.005415539 0.001026701
0.7191798 0.005415354 0.000911724
0.7263173 0.005413378 0.000651833
0.7336442 0.005412104 0.000511766
0.7411477 0.005410582 0.000469191
0.7488554 0.005409278 0.000448745
0.7567639 0.005408031 0.000451672
0.7648754 0.005407799 0.000502965
0.7732106 0.005406356 0.000489404
0.7817620 0.005407772 0.000400845
0.7905437 0.005406172 0.000334501
0.7995683 0.005402982 0.000283067
0.8088271 0.005401042 0.000244401
0.8183418 0.005399845 0.000224213
0.8281214 0.005398303 0.000220820
0.8381632 0.005396879 0.000236036
0.8484770 0.005394598 0.000270082
0.8590716 0.005392841 0.000276508
0.8699551 0.005406229 0.000241867
0.8811346 0.005397302 0.000208186
0.8926164 0.005392963 0.000182247
0.9044060 0.005387776 0.000161860
0.9165078 0.005388469 0.000153762
0.9289255 0.005400333 0.000157588
0.9416801 0.005393700 0.000153975
0.9547579 0.005392560 0.000139455
0.9681656 0.005384483 0.000128396
0.9819158 0.005383472 0.000122694
0.9959982 0.005379151 0.000118625
1.0104222 0.005373936 0.000114734
1.0251872 0.005371428 0.000111816
1.0402863 0.005412867 0.000106129
1.0557198 0.005413332 0.000097761
1.0714898 0.005416216 0.000090699
1.0875877 0.005397096 0.000086455
1.1040065 0.005385683 0.000084927
1.1207395 0.005396301 0.000083321
1.1377782 0.005399748 0.000080583
1.1551158 0.005388417 0.000078066
1.1727403 0.005380654 0.000076385
1.1906381 0.005368560 0.000074042
1.2087958 0.005451425 0.000071250
1.2272038 0.005459107 0.000069648
1.2458459 0.005438802 0.000069196
1.2647046 0.005421996 0.000068508
1.2837703 0.005428106 0.000067615
1.3030204 0.005413495 0.000067531
1.3224455 0.005445840 0.000070221
1.3420237 0.005433918 0.000076087
1.3617432 0.005436012 0.000081060
1.3815855 0.005422396 0.000084043
1.4015354 0.005423352 0.000087316
1.4215790 0.005412626 0.000088952
1.4416999 0.005476842 0.000088203
1.4618841 0.005468181 0.000087573
1.4821185 0.005444679 0.000086468
1.5023890 0.005444306 0.000084360
1.5226834 0.005457376 0.000082162
1.5429901 0.005454739 0.000080391
1.5632975 0.005449139 0.000078469
1.5835958 0.005475465 0.000075927
1.6038748 0.005473353 0.000073803
1.6241256 0.005474128 0.000072627
1.6443401 0.005456252 0.000071890
1.6645097 0.005452923 0.000071314
1.6846280 0.005445410 0.000071676
1.7046891 0.005432980 0.000073932
1.7246855 0.005420303 0.000077681
1.7446132 0.005404450 0.000082149
1.7644672 0.005432785 0.000087022
1.7842419 0.005435111 0.000092744
1.8039357 0.005443657 0.000096876
1.8235424 0.005441999 0.000098447
1.8430615 0.005433624 0.000102001
1.8624886 0.005436197 0.000105247
1.8818222 0.005477301 0.000104591
1.9010601 0.005466483 0.000103943
1.9202006 0.005459847 0.000103403
1.9392416 0.005498404 0.000103191
1.9581833 0.005509826 0.000104179
1.9770227 0.005488458 0.000105580
1.9957615 0.005496564 0.000106222
2.0143958 0.005524776 0.000106184
2.0329284 0.005509840 0.000106340
2.0513582 0.005505195 0.000105806
2.0696833 0.005506970 0.000103407
2.0879059 0.005498363 0.000100320
2.1060261 0.005490127 0.000098845
2.1240418 0.005478780 0.000098709
2.1419552 0.005466720 0.000097607
2.1597671 0.005461022 0.000096272
2.1774776 0.005459526 0.000095215
2.1950856 0.005497256 0.000094377
2.2125931 0.005485392 0.000094217
2.2300013 0.005465417 0.000094216
2.2473103 0.005448816 0.000093614
2.2645209 0.005438529 0.000094139
2.2816342 0.005441853 0.000097481
2.2986501 0.005480458 0.000101443
2.3155696 0.005479679 0.000103443
2.3323940 0.005464841 0.000105729
2.3491244 0.005448590 0.000108613
2.3657616 0.005437306 0.000111770
2.3823062 0.005438212 0.000114015
2.3987595 0.005472569 0.000116236
2.4151221 0.005529967 0.000118603
2.4313954 0.005531319 0.000121729
2.4475801 0.005510774 0.000125872
2.4636770 0.005483875 0.000129001
2.4796869 0.005478399 0.000130460
2.4956106 0.005475010 0.000132252
2.5114494 0.005463109 0.000136460
2.5272048 0.005462949 0.000141699
2.5428774 0.005461389 0.000143664
2.5584683 0.005461934 0.000143005
2.5739782 0.005469565 0.000142575
2.5894073 0.005509155 0.000141707
2.6047568 0.005539452 0.000141885
2.6200283 0.005545696 0.000142709
2.6352230 0.005537701 0.000142684
2.6503414 0.005529021 0.000141939
2.6653825 0.005546216 0.000142259
2.6803497 0.005556248 0.000145057
2.6952437 0.005554921 0.000149050
2.7100637 0.005553957 0.000152395
2.7248112 0.005535786 0.000155055
2.7394885 0.005529543 0.000156286
2.7540946 0.005534626 0.000156298
2.7686304 0.005530886 0.000156526
2.7830984 0.005541734 0.000158186
2.7974971 0.005546921 0.000161077
2.8118288 0.005543030 0.000164156
2.8260946 0.005542146 0.000167652
2.8402929 0.005550736 0.000169375
2.8544280 0.005564836 0.000168657
2.8684970 0.005560388 0.000169647
2.8825036 0.005546354 0.000172043
2.8964464 0.005527677 0.000172376
2.9103274 0.005516840 0.000172681
2.9241467 0.005507926 0.000172531
2.9379052 0.005497228 0.000172685
2.9516035 0.005487422 0.000173757
2.9652425 0.005482970 0.000173338
2.9788223 0.005479929 0.000173684
2.9923443 0.005490270 0.000176580
3.0058078 0.005488737 0.000178117
3.0192161 0.005504324 0.000177375
3.0325658 0.005517771 0.000177245
3.0458615 0.005515443 0.000177749
3.0591007 0.005507333 0.000176670
3.0722859 0.005500793 0.000175608
3.0854178 0.005496632 0.000175954
3.0984947 0.005486438 0.000175349
3.1115202 0.005478543 0.000174308
3.1244928 0.005473051 0.000175886
3.1374131 0.005470363 0.000178863
3.1502832 0.005466635 0.000179112
3.1631020 0.005461661 0.000178027
3.1758705 0.005459737 0.000178965
3.1885901 0.005456331 0.000180067
3.2012600 0.005455568 0.000180238
3.2138807 0.005454685 0.000181412
3.2264541 0.005455697 0.000181190
3.2389804 0.005464913 0.000178469
3.2514577 0.005478965 0.000176877
3.2638887 0.005479016 0.000178236
3.2762742 0.005477428 0.000179677
3.2886142 0.005473332 0.000180162
3.3009073 0.005469704 0.000180219
3.3131559 0.005471529 0.000179255
3.3253604 0.005483407 0.000177606
3.3375213 0.005502403 0.000177175
3.3496378 0.005514607 0.000179146
3.3617107 0.005514710 0.000180450
3.3737410 0.005512131 0.000180906
3.3857293 0.005507849 0.000182958
3.3976757 0.005499364 0.000182607
3.4095807 0.005489748 0.000179631
3.4214434 0.005481180 0.000178115
3.4332653 0.005487597 0.000178897
3.4450469 0.005484718 0.000181805
3.4567885 0.005481573 0.000183820
3.4684904 0.005479392 0.000183444
3.4801530 0.005475538 0.000183302
3.4917767 0.005469792 0.000182593
3.5033610 0.005463957 0.000180734
3.5149069 0.005465103 0.000180167
3.5264150 0.005485479 0.000182434
3.5378854 0.005513877 0.000185245
3.5493184 0.005543784 0.000187281
3.5607146 0.005565231 0.000187367
3.5720740 0.005575827 0.000184928
3.5833969 0.005578236 0.000184668
3.5946838 0.005571866 0.000187227
3.6059349 0.005590467 0.000189101
3.6171505 0.005587476 0.000189281
3.6283309 0.005581744 0.000190113
3.6394765 0.005578251 0.000191505
3.6505875 0.005575528 0.000192776
3.6616641 0.005572633 0.000192495
3.6727069 0.005565970 0.000190763
3.6837156 0.005557032 0.000189998
3.6946911 0.005547879 0.000190394
3.7056334 0.005538862 0.000190284
3.7165424 0.005533531 0.000189217
3.7274190 0.005532996 0.000188969
3.7382633 0.005534077 0.000189859
3.7490752 0.005533927 0.000190188
3.7598555 0.005541805 0.000190423
3.7706041 0.005546373 0.000191886
3.7813213 0.005540782 0.000193368
3.7920077 0.005534900 0.000193386
3.8026628 0.005534254 0.000192333
3.8132876 0.005530453 0.000191473
3.8238818 0.005524073 0.000191666
3.8344458 0.005520463 0.000194449
3.8449803 0.005517076 0.000199237
3.8554850 0.005512821 0.000202383
3.8659603 0.005511632 0.000202079
3.8764060 0.005508456 0.000200141
3.8868224 0.005504412 0.000198823
3.8972102 0.005500360 0.000198074
3.9075693 0.005494242 0.000197313
3.9179001 0.005489290 0.000197615
3.9282030 0.005485383 0.000199584
3.9384781 0.005485192 0.000201618
3.9487256 0.005489956 0.000202647
3.9589447 0.005503358 0.000203807
3.9691365 0.005515129 0.000206241
3.9793013 0.005523349 0.000208643
3.9894392 0.005529548 0.000210244
3.9995505 0.005536353 0.000211454
4.0096354 0.005546279 0.000211984
4.0196939 0.005556532 0.000213703
4.0297252 0.005567481 0.000217162
4.0397307 0.005580226 0.000220190
4.0497108 0.005592406 0.000222673
4.0596653 0.005605416 0.000224164
4.0695949 0.005618846 0.000223731
4.0794981 0.005621460 0.000222945
4.0893761 0.005617560 0.000223921
4.0992298 0.005619148 0.000227108
4.1090587 0.005619722 0.000230490
4.1188633 0.005616458 0.000231604
4.1286424 0.005610811 0.000231737
4.1383975 0.005603713 0.000231712
4.1481289 0.005596052 0.000231818
4.1578363 0.005587554 0.000236021
4.1675196 0.005579126 0.000240556
4.1771790 0.005574106 0.000239689
4.1868155 0.005567717 0.000236075
4.1964291 0.005568655 0.000235391
4.2060184 0.005570751 0.000237983
4.2155850 0.005572387 0.000240955
4.2251288 0.005577500 0.000243411
4.2346507 0.005578219 0.000246179
4.2441486 0.005580232 0.000248974
4.2536245 0.005578518 0.000249461
4.2630788 0.005584176 0.000247734
4.2725102 0.005584002 0.000247352
4.2819191 0.005594410 0.000250237
4.2913069 0.005589199 0.000255290
4.3006734 0.005590272 0.000260752
4.3100173 0.005588922 0.000264899
4.3193397 0.005586298 0.000266649
4.3286419 0.005590712 0.000273465
4.3379220 0.005585119 0.000290477
4.3471807 0.005582930 0.000297925
4.3564195 0.005579545 0.000287751
4.3656367 0.005574905 0.000283101
4.3748331 0.005575848 0.000286740
4.3840093 0.005569667 0.000287511
4.3931652 0.005567280 0.000286321
4.4022999 0.005561058 0.000289795
4.4114154 0.005557758 0.000295702
4.4205105 0.005559055 0.000295827
4.4295851 0.005553354 0.000293539
4.4386408 0.005549642 0.000294778
4.4476760 0.005550462 0.000297850
4.4566918 0.005546911 0.000302327
4.4656887 0.005542818 0.000306938
4.4746653 0.005539731 0.000309282
4.4836229 0.005535589 0.000309095
4.4925622 0.005529967 0.000310698
4.5014809 0.005523741 0.000314353
4.5103820 0.005522017 0.000317201
4.5192634 0.005514100 0.000319900
4.5281260 0.005510030 0.000321174
4.5369713 0.005507182 0.000317080
4.5457960 0.005504152 0.000309235
4.5546038 0.005499759 0.000305293
4.5633926 0.005500308 0.000311288
4.5721633 0.005495742 0.000319460
4.5809165 0.005493307 0.000317942
4.5896506 0.005494509 0.000313307
4.5983677 0.005492430 0.000316451
4.6070667 0.005493713 0.000323602
4.6157479 0.005500810 0.000329627
4.6244123 0.005496944 0.000332171
4.6330577 0.005496936 0.000328139
4.6416874 0.005497766 0.000325865
4.6502981 0.005499211 0.000330014
4.6588928 0.005504881 0.000338233
4.6674694 0.005504862 0.000342035
4.6760293 0.005507879 0.000334152
4.6845727 0.005507865 0.000326854
4.6930986 0.005523268 0.000328761
4.7016087 0.005519248 0.000333371
4.7101006 0.005517557 0.000335825
4.7185776 0.005524972 0.000338086
4.7270362 0.005515092 0.000336692
4.7354800 0.005510700 0.000334391
4.7439060 0.005522144 0.000336069
4.7523170 0.005508089 0.000339106
4.7607108 0.005505367 0.000339371
4.7690894 0.005506766 0.000339504
4.7774514 0.005520486 0.000337908
4.7857980 0.005500114 0.000336792
4.7941284 0.005503871 0.000346030
4.8024434 0.005506513 0.000360149
4.8107421 0.005528195 0.000368298
4.8190256 0.005509476 0.000369333
4.8272935 0.005499287 0.000370280
4.8355461 0.005498913 0.000374941
4.8437829 0.005501375 0.000381296
4.8520048 0.005497762 0.000382328
4.8602113 0.005503760 0.000369897
4.8684028 0.005506349 0.000356559
4.8765789 0.005497707 0.000351909
4.8847406 0.005496870 0.000356246
4.8928867 0.005493601 0.000362793
4.9010187 0.005493325 0.000369267
4.9091350 0.005487796 0.000377098
4.9172376 0.005486334 0.000378580
4.9253244 0.005481456 0.000377327
4.9333981 0.005477880 0.000375854
4.9414557 0.005476510 0.000372121
4.9495006 0.005472022 0.000373721
4.9575293 0.005472184 0.000378081
4.9655453 0.005469647 0.000378634
4.9735457 0.005471284 0.000377750
4.9815331 0.005472454 0.000377987
4.9895056 0.005479634 0.000380808
4.9974645 0.005473610 0.000390273
5.0054094 0.005470409 0.000400235
5.0133403 0.005471955 0.000402387
5.0212578 0.005476043 0.000398402
5.0291606 0.005477312 0.000395446
5.0370506 0.005480728 0.000402744
5.0449263 0.005484376 0.000413805
5.0527887 0.005486757 0.000413224
5.0606378 0.005490411 0.000404411
5.0684729 0.005495485 0.000397768
5.0762958 0.005498403 0.000397768
5.0841037 0.005502751 0.000406671
5.0918997 0.005506716 0.000418647
5.0996815 0.005510401 0.000419757
5.1074507 0.005514792 0.000412893
5.1152071 0.005519389 0.000406864
5.1229494 0.005525450 0.000409015
5.1306803 0.005528485 0.000419270
5.1383967 0.005533995 0.000424748
5.1461012 0.005539665 0.000425812
5.1537925 0.005544178 0.000429971
5.1614709 0.005548831 0.000439356
5.1691374 0.005555081 0.000453353
5.1767905 0.005555024 0.000463855
5.1844311 0.005555724 0.000462684
5.1920598 0.005556199 0.000457694
5.1996748 0.005556606 0.000458665
5.2072786 0.005556993 0.000461860
5.2148691 0.005557862 0.000462715
5.2224476 0.005554427 0.000460622
5.2300150 0.005553602 0.000460435
5.2375685 0.005552742 0.000463976
5.2451110 0.005552111 0.000464516
5.2526409 0.005551172 0.000464315
5.2601584 0.005549697 0.000472667
5.2676644 0.005548943 0.000488327
5.2751583 0.005548024 0.000498566
5.2826400 0.005545844 0.000499333
5.2901109 0.005543610 0.000500453
5.2975689 0.005539301 0.000507664
