# Wavelength [micron], Flux [(Rp/Rstar)^2], Flux Error [(Rp/Rstar)^2]
0.6024955 0.005432081 0.006361832
0.6069110 0.005431370 0.004927667
0.6114138 0.005430651 0.004484052
0.6160083 0.005429912 0.005194636
0.6207060 0.005429162 0.006590778
0.6255137 0.005428391 0.006202019
0.6304231 0.005427646 0.004724856
0.6354383 0.005426823 0.003742500
0.6405638 0.005426003 0.002922483
0.6458037 0.005425194 0.002330736
0.6511621 0.005424362 0.002089866
0.6566434 0.005423557 0.001920380
0.6622515 0.005422650 0.001901074
0.6679905 0.005421708 0.002186240
0.6738645 0.005420765 0.002434122
0.6798775 0.005419827 0.002107717
0.6860333 0.005418865 0.001652960
0.6923358 0.005418493 0.001200863
0.6988053 0.005417119 0.000892490
0.7054351 0.005415953 0.000817680
0.7122254 0.005415539 0.000889149
0.7191798 0.005415354 0.000789576
0.7263173 0.005413378 0.000564504
0.7336442 0.005412104 0.000443202
0.7411477 0.005410582 0.000406331
0.7488554 0.005409278 0.000388625
0.7567639 0.005408031 0.000391160
0.7648754 0.005407799 0.000435581
0.7732106 0.005406356 0.000423836
0.7817620 0.005407772 0.000347142
0.7905437 0.005406172 0.000289686
0.7995683 0.005402982 0.000245144
0.8088271 0.005401042 0.000211657
0.8183418 0.005399845 0.000194174
0.8281214 0.005398303 0.000191236
0.8381632 0.005396879 0.000204413
0.8484770 0.005394598 0.000233898
0.8590716 0.005392841 0.000239463
0.8699551 0.005406229 0.000209463
0.8811346 0.005397302 0.000180294
0.8926164 0.005392963 0.000157831
0.9044060 0.005387776 0.000140174
0.9165078 0.005388469 0.000133162
0.9289255 0.005400333 0.000136475
0.9416801 0.005393700 0.000133346
0.9547579 0.005392560 0.000120771
0.9681656 0.005384483 0.000111194
0.9819158 0.005383472 0.000106256
0.9959982 0.005379151 0.000102732
1.0104222 0.005373936 0.000099363
1.0251872 0.005371428 0.000096835
1.0402863 0.005412867 0.000091910
1.0557198 0.005413332 0.000084663
1.0714898 0.005416216 0.000078548
1.0875877 0.005397096 0.000074872
1.1040065 0.005385683 0.000073549
1.1207395 0.005396301 0.000072158
1.1377782 0.005399748 0.000069787
1.1551158 0.005388417 0.000067607
1.1727403 0.005380654 0.000066151
1.1906381 0.005368560 0.000064122
1.2087958 0.005451425 0.000061705
1.2272038 0.005459107 0.000060317
1.2458459 0.005438802 0.000059925
1.2647046 0.005421996 0.000059330
1.2837703 0.005428106 0.000058557
1.3030204 0.005413495 0.000058484
1.3224455 0.005445840 0.000060813
1.3420237 0.005433918 0.000065893
1.3617432 0.005436012 0.000070200
1.3815855 0.005422396 0.000072783
1.4015354 0.005423352 0.000075618
1.4215790 0.005412626 0.000077035
1.4416999 0.005476842 0.000076386
1.4618841 0.005468181 0.000075840
1.4821185 0.005444679 0.000074884
1.5023890 0.005444306 0.000073058
1.5226834 0.005457376 0.000071155
1.5429901 0.005454739 0.000069621
1.5632975 0.005449139 0.000067956
1.5835958 0.005475465 0.000065755
1.6038748 0.005473353 0.000063916
1.6241256 0.005474128 0.000062896
1.6443401 0.005456252 0.000062259
1.6645097 0.005452923 0.000061760
1.6846280 0.005445410 0.000062074
1.7046891 0.005432980 0.000064027
1.7246855 0.005420303 0.000067274
1.7446132 0.005404450 0.000071143
1.7644672 0.005432785 0.000075363
1.7842419 0.005435111 0.000080319
1.8039357 0.005443657 0.000083897
1.8235424 0.005441999 0.000085258
1.8430615 0.005433624 0.000088336
1.8624886 0.005436197 0.000091146
1.8818222 0.005477301 0.000090578
1.9010601 0.005466483 0.000090017
1.9202006 0.005459847 0.000089550
1.9392416 0.005498404 0.000089366
1.9581833 0.005509826 0.000090222
1.9770227 0.005488458 0.000091435
1.9957615 0.005496564 0.000091991
2.0143958 0.005524776 0.000091958
2.0329284 0.005509840 0.000092093
2.0513582 0.005505195 0.000091631
2.0696833 0.005506970 0.000089553
2.0879059 0.005498363 0.000086879
2.1060261 0.005490127 0.000085603
2.1240418 0.005478780 0.000085484
2.1419552 0.005466720 0.000084530
2.1597671 0.005461022 0.000083374
2.1774776 0.005459526 0.000082458
2.1950856 0.005497256 0.000081733
2.2125931 0.005485392 0.000081594
2.2300013 0.005465417 0.000081593
2.2473103 0.005448816 0.000081072
2.2645209 0.005438529 0.000081527
2.2816342 0.005441853 0.000084421
2.2986501 0.005480458 0.000087852
2.3155696 0.005479679 0.000089584
2.3323940 0.005464841 0.000091564
2.3491244 0.005448590 0.000094062
2.3657616 0.005437306 0.000096796
2.3823062 0.005438212 0.000098740
2.3987595 0.005472569 0.000100663
2.4151221 0.005529967 0.000102713
2.4313954 0.005531319 0.000105421
2.4475801 0.005510774 0.000109009
2.4636770 0.005483875 0.000111719
2.4796869 0.005478399 0.000112982
2.4956106 0.005475010 0.000114534
2.5114494 0.005463109 0.000118177
2.5272048 0.005462949 0.000122715
2.5428774 0.005461389 0.000124417
2.5584683 0.005461934 0.000123846
2.5739782 0.005469565 0.000123473
2.5894073 0.005509155 0.000122722
2.6047568 0.005539452 0.000122876
2.6200283 0.005545696 0.000123590
2.6352230 0.005537701 0.000123568
2.6503414 0.005529021 0.000122923
2.6653825 0.005546216 0.000123200
2.6803497 0.005556248 0.000125623
2.6952437 0.005554921 0.000129081
2.7100637 0.005553957 0.000131978
2.7248112 0.005535786 0.000134282
2.7394885 0.005529543 0.000135348
2.7540946 0.005534626 0.000135358
2.7686304 0.005530886 0.000135556
2.7830984 0.005541734 0.000136993
2.7974971 0.005546921 0.000139497
2.8118288 0.005543030 0.000142163
2.8260946 0.005542146 0.000145191
2.8402929 0.005550736 0.000146683
2.8544280 0.005564836 0.000146061
2.8684970 0.005560388 0.000146918
2.8825036 0.005546354 0.000148994
2.8964464 0.005527677 0.000149282
2.9103274 0.005516840 0.000149546
2.9241467 0.005507926 0.000149416
2.9379052 0.005497228 0.000149550
2.9516035 0.005487422 0.000150478
2.9652425 0.005482970 0.000150115
2.9788223 0.005479929 0.000150415
2.9923443 0.005490270 0.000152923
3.0058078 0.005488737 0.000154254
3.0192161 0.005504324 0.000153611
3.0325658 0.005517771 0.000153498
3.0458615 0.005515443 0.000153935
3.0591007 0.005507333 0.000153001
3.0722859 0.005500793 0.000152081
3.0854178 0.005496632 0.000152381
3.0984947 0.005486438 0.000151857
3.1115202 0.005478543 0.000150955
3.1244928 0.005473051 0.000152321
3.1374131 0.005470363 0.000154900
3.1502832 0.005466635 0.000155116
3.1631020 0.005461661 0.000154176
3.1758705 0.005459737 0.000154989
3.1885901 0.005456331 0.000155942
3.2012600 0.005455568 0.000156091
3.2138807 0.005454685 0.000157107
3.2264541 0.005455697 0.000156915
3.2389804 0.005464913 0.000154559
3.2514577 0.005478965 0.000153180
3.2638887 0.005479016 0.000154357
3.2762742 0.005477428 0.000155605
3.2886142 0.005473332 0.000156025
3.3009073 0.005469704 0.000156074
3.3131559 0.005471529 0.000155240
3.3253604 0.005483407 0.000153812
3.3375213 0.005502403 0.000153438
3.3496378 0.005514607 0.000155145
3.3617107 0.005514710 0.000156274
3.3737410 0.005512131 0.000156669
3.3857293 0.005507849 0.000158446
3.3976757 0.005499364 0.000158142
3.4095807 0.005489748 0.000155565
3.4214434 0.005481180 0.000154253
3.4332653 0.005487597 0.000154929
3.4450469 0.005484718 0.000157448
3.4567885 0.005481573 0.000159193
3.4684904 0.005479392 0.000158867
3.4801530 0.005475538 0.000158744
3.4917767 0.005469792 0.000158130
3.5033610 0.005463957 0.000156520
3.5149069 0.005465103 0.000156029
3.5264150 0.005485479 0.000157993
3.5378854 0.005513877 0.000160427
3.5493184 0.005543784 0.000162190
3.5607146 0.005565231 0.000162264
3.5720740 0.005575827 0.000160152
3.5833969 0.005578236 0.000159927
3.5946838 0.005571866 0.000162144
3.6059349 0.005590467 0.000163766
3.6171505 0.005587476 0.000163922
3.6283309 0.005581744 0.000164643
3.6394765 0.005578251 0.000165848
3.6505875 0.005575528 0.000166949
3.6616641 0.005572633 0.000166705
3.6727069 0.005565970 0.000165206
3.6837156 0.005557032 0.000164543
3.6946911 0.005547879 0.000164886
3.7056334 0.005538862 0.000164791
3.7165424 0.005533531 0.000163867
3.7274190 0.005532996 0.000163652
3.7382633 0.005534077 0.000164423
3.7490752 0.005533927 0.000164708
3.7598555 0.005541805 0.000164911
3.7706041 0.005546373 0.000166178
3.7813213 0.005540782 0.000167461
3.7920077 0.005534900 0.000167478
3.8026628 0.005534254 0.000166565
3.8132876 0.005530453 0.000165820
3.8238818 0.005524073 0.000165987
3.8344458 0.005520463 0.000168397
3.8449803 0.005517076 0.000172544
3.8554850 0.005512821 0.000175269
3.8659603 0.005511632 0.000175005
3.8764060 0.005508456 0.000173328
3.8868224 0.005504412 0.000172185
3.8972102 0.005500360 0.000171537
3.9075693 0.005494242 0.000170878
3.9179001 0.005489290 0.000171140
3.9282030 0.005485383 0.000172845
3.9384781 0.005485192 0.000174606
3.9487256 0.005489956 0.000175498
3.9589447 0.005503358 0.000176502
3.9691365 0.005515129 0.000178610
3.9793013 0.005523349 0.000180690
3.9894392 0.005529548 0.000182077
3.9995505 0.005536353 0.000183125
4.0096354 0.005546279 0.000183583
4.0196939 0.005556532 0.000185072
4.0297252 0.005567481 0.000188068
4.0397307 0.005580226 0.000190690
4.0497108 0.005592406 0.000192841
4.0596653 0.005605416 0.000194131
4.0695949 0.005618846 0.000193757
4.0794981 0.005621460 0.000193076
4.0893761 0.005617560 0.000193921
4.0992298 0.005619148 0.000196682
4.1090587 0.005619722 0.000199611
4.1188633 0.005616458 0.000200575
4.1286424 0.005610811 0.000200690
4.1383975 0.005603713 0.000200668
4.1481289 0.005596052 0.000200760
4.1578363 0.005587554 0.000204400
4.1675196 0.005579126 0.000208328
4.1771790 0.005574106 0.000207577
4.1868155 0.005567717 0.000204447
4.1964291 0.005568655 0.000203855
4.2060184 0.005570751 0.000206099
4.2155850 0.005572387 0.000208673
4.2251288 0.005577500 0.000210800
4.2346507 0.005578219 0.000213197
4.2441486 0.005580232 0.000215618
4.2536245 0.005578518 0.000216040
4.2630788 0.005584176 0.000214544
4.2725102 0.005584002 0.000214213
4.2819191 0.005594410 0.000216712
4.2913069 0.005589199 0.000221088
4.3006734 0.005590272 0.000225818
4.3100173 0.005588922 0.000229409
4.3193397 0.005586298 0.000230925
4.3286419 0.005590712 0.000236827
4.3379220 0.005585119 0.000251561
4.3471807 0.005582930 0.000258011
4.3564195 0.005579545 0.000249200
4.3656367 0.005574905 0.000245173
4.3748331 0.005575848 0.000248324
4.3840093 0.005569667 0.000248992
4.3931652 0.005567280 0.000247961
4.4022999 0.005561058 0.000250970
4.4114154 0.005557758 0.000256085
4.4205105 0.005559055 0.000256194
4.4295851 0.005553354 0.000254212
4.4386408 0.005549642 0.000255285
4.4476760 0.005550462 0.000257946
4.4566918 0.005546911 0.000261823
4.4656887 0.005542818 0.000265816
4.4746653 0.005539731 0.000267846
4.4836229 0.005535589 0.000267684
4.4925622 0.005529967 0.000269072
4.5014809 0.005523741 0.000272238
4.5103820 0.005522017 0.000274704
4.5192634 0.005514100 0.000277042
4.5281260 0.005510030 0.000278145
4.5369713 0.005507182 0.000274599
4.5457960 0.005504152 0.000267805
4.5546038 0.005499759 0.000264391
4.5633926 0.005500308 0.000269583
4.5721633 0.005495742 0.000276660
4.5809165 0.005493307 0.000275346
4.5896506 0.005494509 0.000271332
4.5983677 0.005492430 0.000274055
4.6070667 0.005493713 0.000280248
4.6157479 0.005500810 0.000285465
4.6244123 0.005496944 0.000287668
4.6330577 0.005496936 0.000284176
4.6416874 0.005497766 0.000282207
4.6502981 0.005499211 0.000285801
4.6588928 0.005504881 0.000292918
4.6674694 0.005504862 0.000296211
4.6760293 0.005507879 0.000289384
4.6845727 0.005507865 0.000283064
4.6930986 0.005523268 0.000284716
4.7016087 0.005519248 0.000288708
4.7101006 0.005517557 0.000290833
4.7185776 0.005524972 0.000292791
4.7270362 0.005515092 0.000291584
4.7354800 0.005510700 0.000289591
4.7439060 0.005522144 0.000291044
4.7523170 0.005508089 0.000293675
4.7607108 0.005505367 0.000293904
4.7690894 0.005506766 0.000294019
4.7774514 0.005520486 0.000292636
4.7857980 0.005500114 0.000291671
4.7941284 0.005503871 0.000299671
4.8024434 0.005506513 0.000311899
4.8107421 0.005528195 0.000318955
4.8190256 0.005509476 0.000319852
4.8272935 0.005499287 0.000320672
4.8355461 0.005498913 0.000324708
4.8437829 0.005501375 0.000330212
4.8520048 0.005497762 0.000331106
4.8602113 0.005503760 0.000320340
4.8684028 0.005506349 0.000308790
4.8765789 0.005497707 0.000304762
4.8847406 0.005496870 0.000308518
4.8928867 0.005493601 0.000314188
4.9010187 0.005493325 0.000319795
4.9091350 0.005487796 0.000326576
4.9172376 0.005486334 0.000327860
4.9253244 0.005481456 0.000326775
4.9333981 0.005477880 0.000325499
4.9414557 0.005476510 0.000322266
4.9495006 0.005472022 0.000323652
4.9575293 0.005472184 0.000327428
4.9655453 0.005469647 0.000327907
4.9735457 0.005471284 0.000327141
4.9815331 0.005472454 0.000327346
4.9895056 0.005479634 0.000329789
4.9974645 0.005473610 0.000337986
5.0054094 0.005470409 0.000346613
5.0133403 0.005471955 0.000348477
5.0212578 0.005476043 0.000345026
5.0291606 0.005477312 0.000342466
5.0370506 0.005480728 0.000348787
5.0449263 0.005484376 0.000358366
5.0527887 0.005486757 0.000357862
5.0606378 0.005490411 0.000350230
5.0684729 0.005495485 0.000344477
5.0762958 0.005498403 0.000344477
5.0841037 0.005502751 0.000352187
5.0918997 0.005506716 0.000362559
5.0996815 0.005510401 0.000363521
5.1074507 0.005514792 0.000357576
5.1152071 0.005519389 0.000352355
5.1229494 0.005525450 0.000354217
5.1306803 0.005528485 0.000363099
5.1383967 0.005533995 0.000367842
5.1461012 0.005539665 0.000368764
5.1537925 0.005544178 0.000372366
5.1614709 0.005548831 0.000380494
5.1691374 0.005555081 0.000392615
5.1767905 0.005555024 0.000401710
5.1844311 0.005555724 0.000400696
5.1920598 0.005556199 0.000396374
5.1996748 0.005556606 0.000397216
5.2072786 0.005556993 0.000399983
5.2148691 0.005557862 0.000400723
5.2224476 0.005554427 0.000398910
5.2300150 0.005553602 0.000398748
5.2375685 0.005552742 0.000401815
5.2451110 0.005552111 0.000402283
5.2526409 0.005551172 0.000402109
5.2601584 0.005549697 0.000409341
5.2676644 0.005548943 0.000422903
5.2751583 0.005548024 0.000431771
5.2826400 0.005545844 0.000432435
5.2901109 0.005543610 0.000433405
5.2975689 0.005539301 0.000439650
