# Wavelength [micron], Flux [(Rp/Rstar)^2], Flux Error [(Rp/Rstar)^2]
0.6024955 0.005432081 0.003673005
0.6069110 0.005431370 0.002844990
0.6114138 0.005430651 0.002588869
0.6160083 0.005429912 0.002999124
0.6207060 0.005429162 0.003805187
0.6255137 0.005428391 0.003580737
0.6304231 0.005427646 0.002727897
0.6354383 0.005426823 0.002160733
0.6405638 0.005426003 0.001687296
0.6458037 0.005425194 0.001345651
0.6511621 0.005424362 0.001206585
0.6566434 0.005423557 0.001108732
0.6622515 0.005422650 0.001097585
0.6679905 0.005421708 0.001262227
0.6738645 0.005420765 0.001405341
0.6798775 0.005419827 0.001216891
0.6860333 0.005418865 0.000954337
0.6923358 0.005418493 0.000693318
0.6988053 0.005417119 0.000515279
0.7054351 0.005415953 0.000472088
0.7122254 0.005415539 0.000513351
0.7191798 0.005415354 0.000455862
0.7263173 0.005413378 0.000325917
0.7336442 0.005412104 0.000255883
0.7411477 0.005410582 0.000234595
0.7488554 0.005409278 0.000224373
0.7567639 0.005408031 0.000225836
0.7648754 0.005407799 0.000251483
0.7732106 0.005406356 0.000244702
0.7817620 0.005407772 0.000200423
0.7905437 0.005406172 0.000167251
0.7995683 0.005402982 0.000141534
0.8088271 0.005401042 0.000122200
0.8183418 0.005399845 0.000112106
0.8281214 0.005398303 0.000110410
0.8381632 0.005396879 0.000118018
0.8484770 0.005394598 0.000135041
0.8590716 0.005392841 0.000138254
0.8699551 0.005406229 0.000120934
0.8811346 0.005397302 0.000104093
0.8926164 0.005392963 0.000091124
0.9044060 0.005387776 0.000080930
0.9165078 0.005388469 0.000076881
0.9289255 0.005400333 0.000078794
0.9416801 0.005393700 0.000076987
0.9547579 0.005392560 0.000069727
0.9681656 0.005384483 0.000064198
0.9819158 0.005383472 0.000061347
0.9959982 0.005379151 0.000059313
1.0104222 0.005373936 0.000057367
1.0251872 0.005371428 0.000055908
1.0402863 0.005412867 0.000053065
1.0557198 0.005413332 0.000048880
1.0714898 0.005416216 0.000045349
1.0875877 0.005397096 0.000043227
1.1040065 0.005385683 0.000042464
1.1207395 0.005396301 0.000041660
1.1377782 0.005399748 0.000040291
1.1551158 0.005388417 0.000039033
1.1727403 0.005380654 0.000038193
1.1906381 0.005368560 0.000037021
1.2087958 0.005451425 0.000035625
1.2272038 0.005459107 0.000034824
1.2458459 0.005438802 0.000034598
1.2647046 0.005421996 0.000034254
1.2837703 0.005428106 0.000033808
1.3030204 0.005413495 0.000033766
1.3224455 0.005445840 0.000035111
1.3420237 0.005433918 0.000038044
1.3617432 0.005436012 0.000040530
1.3815855 0.005422396 0.000042021
1.4015354 0.005423352 0.000043658
1.4215790 0.005412626 0.000044476
1.4416999 0.005476842 0.000044102
1.4618841 0.005468181 0.000043786
1.4821185 0.005444679 0.000043234
1.5023890 0.005444306 0.000042180
1.5226834 0.005457376 0.000041081
1.5429901 0.005454739 0.000040196
1.5632975 0.005449139 0.000039234
1.5835958 0.005475465 0.000037963
1.6038748 0.005473353 0.000036902
1.6241256 0.005474128 0.000036313
1.6443401 0.005456252 0.000035945
1.6645097 0.005452923 0.000035657
1.6846280 0.005445410 0.000035838
1.7046891 0.005432980 0.000036966
1.7246855 0.005420303 0.000038840
1.7446132 0.005404450 0.000041075
1.7644672 0.005432785 0.000043511
1.7842419 0.005435111 0.000046372
1.8039357 0.005443657 0.000048438
1.8235424 0.005441999 0.000049224
1.8430615 0.005433624 0.000051001
1.8624886 0.005436197 0.000052623
1.8818222 0.005477301 0.000052295
1.9010601 0.005466483 0.000051972
1.9202006 0.005459847 0.000051701
1.9392416 0.005498404 0.000051596
1.9581833 0.005509826 0.000052090
1.9770227 0.005488458 0.000052790
1.9957615 0.005496564 0.000053111
2.0143958 0.005524776 0.000053092
2.0329284 0.005509840 0.000053170
2.0513582 0.005505195 0.000052903
2.0696833 0.005506970 0.000051703
2.0879059 0.005498363 0.000050160
2.1060261 0.005490127 0.000049423
2.1240418 0.005478780 0.000049354
2.1419552 0.005466720 0.000048803
2.1597671 0.005461022 0.000048136
2.1774776 0.005459526 0.000047607
2.1950856 0.005497256 0.000047189
2.2125931 0.005485392 0.000047108
2.2300013 0.005465417 0.000047108
2.2473103 0.005448816 0.000046807
2.2645209 0.005438529 0.000047070
2.2816342 0.005441853 0.000048741
2.2986501 0.005480458 0.000050721
2.3155696 0.005479679 0.000051722
2.3323940 0.005464841 0.000052864
2.3491244 0.005448590 0.000054307
2.3657616 0.005437306 0.000055885
2.3823062 0.005438212 0.000057008
2.3987595 0.005472569 0.000058118
2.4151221 0.005529967 0.000059301
2.4313954 0.005531319 0.000060865
2.4475801 0.005510774 0.000062936
2.4636770 0.005483875 0.000064501
2.4796869 0.005478399 0.000065230
2.4956106 0.005475010 0.000066126
2.5114494 0.005463109 0.000068230
2.5272048 0.005462949 0.000070850
2.5428774 0.005461389 0.000071832
2.5584683 0.005461934 0.000071503
2.5739782 0.005469565 0.000071287
2.5894073 0.005509155 0.000070854
2.6047568 0.005539452 0.000070943
2.6200283 0.005545696 0.000071355
2.6352230 0.005537701 0.000071342
2.6503414 0.005529021 0.000070970
2.6653825 0.005546216 0.000071130
2.6803497 0.005556248 0.000072529
2.6952437 0.005554921 0.000074525
2.7100637 0.005553957 0.000076198
2.7248112 0.005535786 0.000077528
2.7394885 0.005529543 0.000078143
2.7540946 0.005534626 0.000078149
2.7686304 0.005530886 0.000078263
2.7830984 0.005541734 0.000079093
2.7974971 0.005546921 0.000080539
2.8118288 0.005543030 0.000082078
2.8260946 0.005542146 0.000083826
2.8402929 0.005550736 0.000084687
2.8544280 0.005564836 0.000084328
2.8684970 0.005560388 0.000084823
2.8825036 0.005546354 0.000086021
2.8964464 0.005527677 0.000086188
2.9103274 0.005516840 0.000086340
2.9241467 0.005507926 0.000086265
2.9379052 0.005497228 0.000086343
2.9516035 0.005487422 0.000086878
2.9652425 0.005482970 0.000086669
2.9788223 0.005479929 0.000086842
2.9923443 0.005490270 0.000088290
3.0058078 0.005488737 0.000089059
3.0192161 0.005504324 0.000088687
3.0325658 0.005517771 0.000088622
3.0458615 0.005515443 0.000088874
3.0591007 0.005507333 0.000088335
3.0722859 0.005500793 0.000087804
3.0854178 0.005496632 0.000087977
3.0984947 0.005486438 0.000087674
3.1115202 0.005478543 0.000087154
3.1244928 0.005473051 0.000087943
3.1374131 0.005470363 0.000089431
3.1502832 0.005466635 0.000089556
3.1631020 0.005461661 0.000089014
3.1758705 0.005459737 0.000089483
3.1885901 0.005456331 0.000090033
3.2012600 0.005455568 0.000090119
3.2138807 0.005454685 0.000090706
3.2264541 0.005455697 0.000090595
3.2389804 0.005464913 0.000089234
3.2514577 0.005478965 0.000088438
3.2638887 0.005479016 0.000089118
3.2762742 0.005477428 0.000089839
3.2886142 0.005473332 0.000090081
3.3009073 0.005469704 0.000090110
3.3131559 0.005471529 0.000089628
3.3253604 0.005483407 0.000088803
3.3375213 0.005502403 0.000088588
3.3496378 0.005514607 0.000089573
3.3617107 0.005514710 0.000090225
3.3737410 0.005512131 0.000090453
3.3857293 0.005507849 0.000091479
3.3976757 0.005499364 0.000091303
3.4095807 0.005489748 0.000089815
3.4214434 0.005481180 0.000089058
3.4332653 0.005487597 0.000089448
3.4450469 0.005484718 0.000090903
3.4567885 0.005481573 0.000091910
3.4684904 0.005479392 0.000091722
3.4801530 0.005475538 0.000091651
3.4917767 0.005469792 0.000091296
3.5033610 0.005463957 0.000090367
3.5149069 0.005465103 0.000090083
3.5264150 0.005485479 0.000091217
3.5378854 0.005513877 0.000092623
3.5493184 0.005543784 0.000093641
3.5607146 0.005565231 0.000093683
3.5720740 0.005575827 0.000092464
3.5833969 0.005578236 0.000092334
3.5946838 0.005571866 0.000093614
3.6059349 0.005590467 0.000094550
3.6171505 0.005587476 0.000094641
3.6283309 0.005581744 0.000095057
3.6394765 0.005578251 0.000095752
3.6505875 0.005575528 0.000096388
3.6616641 0.005572633 0.000096247
3.6727069 0.005565970 0.000095382
3.6837156 0.005557032 0.000094999
3.6946911 0.005547879 0.000095197
3.7056334 0.005538862 0.000095142
3.7165424 0.005533531 0.000094609
3.7274190 0.005532996 0.000094484
3.7382633 0.005534077 0.000094929
3.7490752 0.005533927 0.000095094
3.7598555 0.005541805 0.000095211
3.7706041 0.005546373 0.000095943
3.7813213 0.005540782 0.000096684
3.7920077 0.005534900 0.000096693
3.8026628 0.005534254 0.000096167
3.8132876 0.005530453 0.000095736
3.8238818 0.005524073 0.000095833
3.8344458 0.005520463 0.000097224
3.8449803 0.005517076 0.000099619
3.8554850 0.005512821 0.000101191
3.8659603 0.005511632 0.000101039
3.8764060 0.005508456 0.000100071
3.8868224 0.005504412 0.000099411
3.8972102 0.005500360 0.000099037
3.9075693 0.005494242 0.000098656
3.9179001 0.005489290 0.000098807
3.9282030 0.005485383 0.000099792
3.9384781 0.005485192 0.000100809
3.9487256 0.005489956 0.000101324
3.9589447 0.005503358 0.000101904
3.9691365 0.005515129 0.000103120
3.9793013 0.005523349 0.000104322
3.9894392 0.005529548 0.000105122
3.9995505 0.005536353 0.000105727
4.0096354 0.005546279 0.000105992
4.0196939 0.005556532 0.000106852
4.0297252 0.005567481 0.000108581
4.0397307 0.005580226 0.000110095
4.0497108 0.005592406 0.000111337
4.0596653 0.005605416 0.000112082
4.0695949 0.005618846 0.000111866
4.0794981 0.005621460 0.000111473
4.0893761 0.005617560 0.000111960
4.0992298 0.005619148 0.000113554
4.1090587 0.005619722 0.000115245
4.1188633 0.005616458 0.000115802
4.1286424 0.005610811 0.000115869
4.1383975 0.005603713 0.000115856
4.1481289 0.005596052 0.000115909
4.1578363 0.005587554 0.000118011
4.1675196 0.005579126 0.000120278
4.1771790 0.005574106 0.000119845
4.1868155 0.005567717 0.000118038
4.1964291 0.005568655 0.000117695
4.2060184 0.005570751 0.000118991
4.2155850 0.005572387 0.000120477
4.2251288 0.005577500 0.000121706
4.2346507 0.005578219 0.000123089
4.2441486 0.005580232 0.000124487
4.2536245 0.005578518 0.000124731
4.2630788 0.005584176 0.000123867
4.2725102 0.005584002 0.000123676
4.2819191 0.005594410 0.000125118
4.2913069 0.005589199 0.000127645
4.3006734 0.005590272 0.000130376
4.3100173 0.005588922 0.000132449
4.3193397 0.005586298 0.000133325
4.3286419 0.005590712 0.000136732
4.3379220 0.005585119 0.000145239
4.3471807 0.005582930 0.000148963
4.3564195 0.005579545 0.000143876
4.3656367 0.005574905 0.000141551
4.3748331 0.005575848 0.000143370
4.3840093 0.005569667 0.000143755
4.3931652 0.005567280 0.000143160
4.4022999 0.005561058 0.000144898
4.4114154 0.005557758 0.000147851
4.4205105 0.005559055 0.000147914
4.4295851 0.005553354 0.000146770
4.4386408 0.005549642 0.000147389
4.4476760 0.005550462 0.000148925
4.4566918 0.005546911 0.000151164
4.4656887 0.005542818 0.000153469
4.4746653 0.005539731 0.000154641
4.4836229 0.005535589 0.000154548
4.4925622 0.005529967 0.000155349
4.5014809 0.005523741 0.000157177
4.5103820 0.005522017 0.000158600
4.5192634 0.005514100 0.000159950
4.5281260 0.005510030 0.000160587
4.5369713 0.005507182 0.000158540
4.5457960 0.005504152 0.000154618
4.5546038 0.005499759 0.000152646
4.5633926 0.005500308 0.000155644
4.5721633 0.005495742 0.000159730
4.5809165 0.005493307 0.000158971
4.5896506 0.005494509 0.000156653
4.5983677 0.005492430 0.000158226
4.6070667 0.005493713 0.000161801
4.6157479 0.005500810 0.000164813
4.6244123 0.005496944 0.000166085
4.6330577 0.005496936 0.000164069
4.6416874 0.005497766 0.000162933
4.6502981 0.005499211 0.000165007
4.6588928 0.005504881 0.000169116
4.6674694 0.005504862 0.000171018
4.6760293 0.005507879 0.000167076
4.6845727 0.005507865 0.000163427
4.6930986 0.005523268 0.000164381
4.7016087 0.005519248 0.000166686
4.7101006 0.005517557 0.000167913
4.7185776 0.005524972 0.000169043
4.7270362 0.005515092 0.000168346
4.7354800 0.005510700 0.000167196
4.7439060 0.005522144 0.000168035
4.7523170 0.005508089 0.000169553
4.7607108 0.005505367 0.000169685
4.7690894 0.005506766 0.000169752
4.7774514 0.005520486 0.000168954
4.7857980 0.005500114 0.000168396
4.7941284 0.005503871 0.000173015
4.8024434 0.005506513 0.000180075
4.8107421 0.005528195 0.000184149
4.8190256 0.005509476 0.000184667
4.8272935 0.005499287 0.000185140
4.8355461 0.005498913 0.000187471
4.8437829 0.005501375 0.000190648
4.8520048 0.005497762 0.000191164
4.8602113 0.005503760 0.000184949
4.8684028 0.005506349 0.000178280
4.8765789 0.005497707 0.000175954
4.8847406 0.005496870 0.000178123
4.8928867 0.005493601 0.000181397
4.9010187 0.005493325 0.000184633
4.9091350 0.005487796 0.000188549
4.9172376 0.005486334 0.000189290
4.9253244 0.005481456 0.000188663
4.9333981 0.005477880 0.000187927
4.9414557 0.005476510 0.000186061
4.9495006 0.005472022 0.000186861
4.9575293 0.005472184 0.000189040
4.9655453 0.005469647 0.000189317
4.9735457 0.005471284 0.000188875
4.9815331 0.005472454 0.000188993
4.9895056 0.005479634 0.000190404
4.9974645 0.005473610 0.000195136
5.0054094 0.005470409 0.000200117
5.0133403 0.005471955 0.000201193
5.0212578 0.005476043 0.000199201
5.0291606 0.005477312 0.000197723
5.0370506 0.005480728 0.000201372
5.0449263 0.005484376 0.000206903
5.0527887 0.005486757 0.000206612
5.0606378 0.005490411 0.000202206
5.0684729 0.005495485 0.000198884
5.0762958 0.005498403 0.000198884
5.0841037 0.005502751 0.000203335
5.0918997 0.005506716 0.000209324
5.0996815 0.005510401 0.000209879
5.1074507 0.005514792 0.000206447
5.1152071 0.005519389 0.000203432
5.1229494 0.005525450 0.000204508
5.1306803 0.005528485 0.000209635
5.1383967 0.005533995 0.000212374
5.1461012 0.005539665 0.000212906
5.1537925 0.005544178 0.000214986
5.1614709 0.005548831 0.000219678
5.1691374 0.005555081 0.000226676
5.1767905 0.005555024 0.000231928
5.1844311 0.005555724 0.000231342
5.1920598 0.005556199 0.000228847
5.1996748 0.005556606 0.000229333
5.2072786 0.005556993 0.000230930
5.2148691 0.005557862 0.000231357
5.2224476 0.005554427 0.000230311
5.2300150 0.005553602 0.000230217
5.2375685 0.005552742 0.000231988
5.2451110 0.005552111 0.000232258
5.2526409 0.005551172 0.000232158
5.2601584 0.005549697 0.000236333
5.2676644 0.005548943 0.000244163
5.2751583 0.005548024 0.000249283
5.2826400 0.005545844 0.000249667
5.2901109 0.005543610 0.000250227
5.2975689 0.005539301 0.000253832
