# Wavelength [micron], Flux [(Rp/Rstar)^2], Flux Error [(Rp/Rstar)^2]
0.6024955 0.005277755 0.006362356
0.6069110 0.005277306 0.004928079
0.6114138 0.005276940 0.004484429
0.6160083 0.005276692 0.005195066
0.6207060 0.005276639 0.006591313
0.6255137 0.005276928 0.006202521
0.6304231 0.005279268 0.004725238
0.6354383 0.005276516 0.003742812
0.6405638 0.005274524 0.002922734
0.6458037 0.005274009 0.002330941
0.6511621 0.005273631 0.002090052
0.6566434 0.005273272 0.001920551
0.6622515 0.005272907 0.001901243
0.6679905 0.005272548 0.002186432
0.6738645 0.005272198 0.002434331
0.6798775 0.005271871 0.002107900
0.6860333 0.005271562 0.001653108
0.6923358 0.005275570 0.001200971
0.6988053 0.005274784 0.000892574
0.7054351 0.005270545 0.000817759
0.7122254 0.005270253 0.000889234
0.7191798 0.005269983 0.000789653
0.7263173 0.005269660 0.000564561
0.7336442 0.005269389 0.000443247
0.7411477 0.005269136 0.000406372
0.7488554 0.005269006 0.000388664
0.7567639 0.005269191 0.000391199
0.7648754 0.005275606 0.000435622
0.7732106 0.005275712 0.000423876
0.7817620 0.005267866 0.000347177
0.7905437 0.005267545 0.000289716
0.7995683 0.005267250 0.000245168
0.8088271 0.005266974 0.000211678
0.8183418 0.005266711 0.000194193
0.8281214 0.005266458 0.000191255
0.8381632 0.005266235 0.000204433
0.8484770 0.005266001 0.000233920
0.8590716 0.005265783 0.000239485
0.8699551 0.005268709 0.000209484
0.8811346 0.005265671 0.000180312
0.8926164 0.005265444 0.000157846
0.9044060 0.005265184 0.000140187
0.9165078 0.005265148 0.000133174
0.9289255 0.005265633 0.000136489
0.9416801 0.005264893 0.000133359
0.9547579 0.005264855 0.000120783
0.9681656 0.005264439 0.000111204
0.9819158 0.005264250 0.000106266
0.9959982 0.005264065 0.000102741
1.0104222 0.005263860 0.000099371
1.0251872 0.005263713 0.000096843
1.0402863 0.005265737 0.000091921
1.0557198 0.005270129 0.000084672
1.0714898 0.005271061 0.000078556
1.0875877 0.005266183 0.000074879
1.1040065 0.005264450 0.000073556
1.1207395 0.005264553 0.000072165
1.1377782 0.005264262 0.000069794
1.1551158 0.005263911 0.000067613
1.1727403 0.005263526 0.000066157
1.1906381 0.005263196 0.000064127
1.2087958 0.005291171 0.000061712
1.2272038 0.005320947 0.000060323
1.2458459 0.005305079 0.000059931
1.2647046 0.005292143 0.000059335
1.2837703 0.005287406 0.000058563
1.3030204 0.005273116 0.000058490
1.3224455 0.005291589 0.000060821
1.3420237 0.005288781 0.000065901
1.3617432 0.005287012 0.000070208
1.3815855 0.005276933 0.000072791
1.4015354 0.005275450 0.000075627
1.4215790 0.005271013 0.000077043
1.4416999 0.005331947 0.000076394
1.4618841 0.005361644 0.000075846
1.4821185 0.005341149 0.000074890
1.5023890 0.005324107 0.000073065
1.5226834 0.005330965 0.000071161
1.5429901 0.005317394 0.000069628
1.5632975 0.005332296 0.000067962
1.5835958 0.005360344 0.000065760
1.6038748 0.005357133 0.000063921
1.6241256 0.005363877 0.000062902
1.6443401 0.005352455 0.000062264
1.6645097 0.005339638 0.000061765
1.6846280 0.005329484 0.000062079
1.7046891 0.005318583 0.000064032
1.7246855 0.005315485 0.000067279
1.7446132 0.005312715 0.000071148
1.7644672 0.005317042 0.000075370
1.7842419 0.005318499 0.000080326
1.8039357 0.005329081 0.000083905
1.8235424 0.005329091 0.000085265
1.8430615 0.005319347 0.000088343
1.8624886 0.005322293 0.000091154
1.8818222 0.005346117 0.000090587
1.9010601 0.005349123 0.000090025
1.9202006 0.005354745 0.000089557
1.9392416 0.005393385 0.000089373
1.9581833 0.005395447 0.000090230
1.9770227 0.005386262 0.000091442
1.9957615 0.005386662 0.000091998
2.0143958 0.005401708 0.000091967
2.0329284 0.005399873 0.000092101
2.0513582 0.005417197 0.000091637
2.0696833 0.005418332 0.000089559
2.0879059 0.005407292 0.000086885
2.1060261 0.005397917 0.000085609
2.1240418 0.005391972 0.000085490
2.1419552 0.005389389 0.000084535
2.1597671 0.005385770 0.000083378
2.1774776 0.005384842 0.000082463
2.1950856 0.005423112 0.000081738
2.2125931 0.005416967 0.000081598
2.2300013 0.005404372 0.000081597
2.2473103 0.005391237 0.000081076
2.2645209 0.005377899 0.000081531
2.2816342 0.005377059 0.000084425
2.2986501 0.005410606 0.000087857
2.3155696 0.005412376 0.000089589
2.3323940 0.005402926 0.000091568
2.3491244 0.005390836 0.000094066
2.3657616 0.005377331 0.000096800
2.3823062 0.005378719 0.000098745
2.3987595 0.005406221 0.000100668
2.4151221 0.005444458 0.000102720
2.4313954 0.005445495 0.000105427
2.4475801 0.005433100 0.000109015
2.4636770 0.005418393 0.000111724
2.4796869 0.005412915 0.000112987
2.4956106 0.005408250 0.000114539
2.5114494 0.005400479 0.000118183
2.5272048 0.005396657 0.000122721
2.5428774 0.005391297 0.000124423
2.5584683 0.005387856 0.000123853
2.5739782 0.005394148 0.000123480
2.5894073 0.005430385 0.000122729
2.6047568 0.005449285 0.000122885
2.6200283 0.005453696 0.000123598
2.6352230 0.005448821 0.000123576
2.6503414 0.005443184 0.000122931
2.6653825 0.005437378 0.000123210
2.6803497 0.005434084 0.000125635
2.6952437 0.005431973 0.000129093
2.7100637 0.005428949 0.000131991
2.7248112 0.005420718 0.000134294
2.7394885 0.005417641 0.000135359
2.7540946 0.005416599 0.000135370
2.7686304 0.005415828 0.000135567
2.7830984 0.005419184 0.000137005
2.7974971 0.005421149 0.000139510
2.8118288 0.005421995 0.000142176
2.8260946 0.005430437 0.000145203
2.8402929 0.005446811 0.000146694
2.8544280 0.005462378 0.000146072
2.8684970 0.005461094 0.000146929
2.8825036 0.005453146 0.000149004
2.8964464 0.005441716 0.000149292
2.9103274 0.005435612 0.000149555
2.9241467 0.005430145 0.000149425
2.9379052 0.005423467 0.000149558
2.9516035 0.005415243 0.000150486
2.9652425 0.005407786 0.000150123
2.9788223 0.005403323 0.000150423
2.9923443 0.005405486 0.000152932
3.0058078 0.005414099 0.000154263
3.0192161 0.005426215 0.000153620
3.0325658 0.005436193 0.000153508
3.0458615 0.005435271 0.000153944
3.0591007 0.005430558 0.000153010
3.0722859 0.005426293 0.000152090
3.0854178 0.005423978 0.000152389
3.0984947 0.005417852 0.000151864
3.1115202 0.005412641 0.000150963
3.1244928 0.005408292 0.000152329
3.1374131 0.005404977 0.000154907
3.1502832 0.005402219 0.000155123
3.1631020 0.005396462 0.000154184
3.1758705 0.005391944 0.000154996
3.1885901 0.005385598 0.000155950
3.2012600 0.005385023 0.000156099
3.2138807 0.005385465 0.000157115
3.2264541 0.005388754 0.000156923
3.2389804 0.005400715 0.000154566
3.2514577 0.005412628 0.000153187
3.2638887 0.005413663 0.000154364
3.2762742 0.005413297 0.000155613
3.2886142 0.005411430 0.000156032
3.3009073 0.005409444 0.000156081
3.3131559 0.005409841 0.000155247
3.3253604 0.005416062 0.000153819
3.3375213 0.005427624 0.000153447
3.3496378 0.005435200 0.000155154
3.3617107 0.005435333 0.000156284
3.3737410 0.005433751 0.000156679
3.3857293 0.005431159 0.000158455
3.3976757 0.005426141 0.000158151
3.4095807 0.005420665 0.000155573
3.4214434 0.005415744 0.000154260
3.4332653 0.005418549 0.000154937
3.4450469 0.005416798 0.000157456
3.4567885 0.005414611 0.000159201
3.4684904 0.005413089 0.000158875
3.4801530 0.005410877 0.000158752
3.4917767 0.005407745 0.000158137
3.5033610 0.005404506 0.000156527
3.5149069 0.005404539 0.000156036
3.5264150 0.005416754 0.000158001
3.5378854 0.005434218 0.000160437
3.5493184 0.005452778 0.000162201
3.5607146 0.005465964 0.000162276
3.5720740 0.005472429 0.000160164
3.5833969 0.005473950 0.000159939
3.5946838 0.005470163 0.000162156
3.6059349 0.005481290 0.000163780
3.6171505 0.005479547 0.000163935
3.6283309 0.005476087 0.000164656
3.6394765 0.005473971 0.000165861
3.6505875 0.005472346 0.000166962
3.6616641 0.005470623 0.000166718
3.6727069 0.005466595 0.000165218
3.6837156 0.005461186 0.000164555
3.6946911 0.005455616 0.000164898
3.7056334 0.005450116 0.000164801
3.7165424 0.005446859 0.000163878
3.7274190 0.005446528 0.000163662
3.7382633 0.005447173 0.000164433
3.7490752 0.005447090 0.000164718
3.7598555 0.005451916 0.000164922
3.7706041 0.005454701 0.000166190
3.7813213 0.005451294 0.000167472
3.7920077 0.005447677 0.000167489
3.8026628 0.005447287 0.000166576
3.8132876 0.005444976 0.000165831
3.8238818 0.005441085 0.000165998
3.8344458 0.005438888 0.000168408
3.8449803 0.005436839 0.000172555
3.8554850 0.005434266 0.000175279
3.8659603 0.005433532 0.000175015
3.8764060 0.005431617 0.000173338
3.8868224 0.005429179 0.000172195
3.8972102 0.005426739 0.000171547
3.9075693 0.005423250 0.000170887
3.9179001 0.005420409 0.000171148
3.9282030 0.005418268 0.000172853
3.9384781 0.005418207 0.000174615
3.9487256 0.005420747 0.000175507
3.9589447 0.005425774 0.000176513
3.9691365 0.005431474 0.000178621
3.9793013 0.005436592 0.000180702
3.9894392 0.005441777 0.000182089
3.9995505 0.005447250 0.000183137
4.0096354 0.005453472 0.000183596
4.0196939 0.005460244 0.000185086
4.0297252 0.005467200 0.000188082
4.0397307 0.005475070 0.000190705
4.0497108 0.005482389 0.000192857
4.0596653 0.005490001 0.000194148
4.0695949 0.005497495 0.000193774
4.0794981 0.005499010 0.000193094
4.0893761 0.005496943 0.000193938
4.0992298 0.005497724 0.000196699
4.1090587 0.005498120 0.000199629
4.1188633 0.005496394 0.000200593
4.1286424 0.005493223 0.000200708
4.1383975 0.005489149 0.000200685
4.1481289 0.005484618 0.000200777
4.1578363 0.005479568 0.000204417
4.1675196 0.005474474 0.000208344
4.1771790 0.005470082 0.000207593
4.1868155 0.005466162 0.000204463
4.1964291 0.005464703 0.000203870
4.2060184 0.005462720 0.000206116
4.2155850 0.005460126 0.000208690
4.2251288 0.005458957 0.000210819
4.2346507 0.005457834 0.000213216
4.2441486 0.005456941 0.000215638
4.2536245 0.005454954 0.000216060
4.2630788 0.005454082 0.000214565
4.2725102 0.005451966 0.000214234
4.2819191 0.005454140 0.000216734
4.2913069 0.005448782 0.000221111
4.3006734 0.005447889 0.000225842
4.3100173 0.005445718 0.000229434
4.3193397 0.005442961 0.000230950
4.3286419 0.005444264 0.000236853
4.3379220 0.005441839 0.000251587
4.3471807 0.005439987 0.000258038
4.3564195 0.005438722 0.000249226
4.3656367 0.005436974 0.000245198
4.3748331 0.005437197 0.000248350
4.3840093 0.005435300 0.000249016
4.3931652 0.005435156 0.000247985
4.4022999 0.005434012 0.000250993
4.4114154 0.005434456 0.000256109
4.4205105 0.005435872 0.000256217
4.4295851 0.005436320 0.000254234
4.4386408 0.005438381 0.000255306
4.4476760 0.005441056 0.000257967
4.4566918 0.005441880 0.000261843
4.4656887 0.005441862 0.000265836
4.4746653 0.005441789 0.000267865
4.4836229 0.005439669 0.000267703
4.4925622 0.005437677 0.000269091
4.5014809 0.005435000 0.000272256
4.5103820 0.005432885 0.000274722
4.5192634 0.005430325 0.000277059
4.5281260 0.005428031 0.000278162
4.5369713 0.005425884 0.000274616
4.5457960 0.005424019 0.000267821
4.5546038 0.005421753 0.000264407
4.5633926 0.005419908 0.000269599
4.5721633 0.005417912 0.000276676
4.5809165 0.005416204 0.000275361
4.5896506 0.005414773 0.000271347
4.5983677 0.005413543 0.000274071
4.6070667 0.005412772 0.000280265
4.6157479 0.005413187 0.000285483
4.6244123 0.005413105 0.000287686
4.6330577 0.005413806 0.000284194
4.6416874 0.005414878 0.000282225
4.6502981 0.005416476 0.000285818
4.6588928 0.005418566 0.000292937
4.6674694 0.005420687 0.000296229
4.6760293 0.005422955 0.000289402
4.6845727 0.005425300 0.000283081
4.6930986 0.005428558 0.000284735
4.7016087 0.005430393 0.000288727
4.7101006 0.005430927 0.000290852
4.7185776 0.005429503 0.000292812
4.7270362 0.005427571 0.000291603
4.7354800 0.005425526 0.000289609
4.7439060 0.005425306 0.000291065
4.7523170 0.005422955 0.000293693
4.7607108 0.005420814 0.000293922
4.7690894 0.005418973 0.000294038
4.7774514 0.005419809 0.000292658
4.7857980 0.005415426 0.000291689
4.7941284 0.005415049 0.000299690
4.8024434 0.005414514 0.000311919
4.8107421 0.005418391 0.000318981
4.8190256 0.005412944 0.000319874
4.8272935 0.005411110 0.000320693
4.8355461 0.005409924 0.000324729
4.8437829 0.005409781 0.000330234
4.8520048 0.005409589 0.000331127
4.8602113 0.005411997 0.000320362
4.8684028 0.005414535 0.000308810
4.8765789 0.005411162 0.000304781
4.8847406 0.005408140 0.000308538
4.8928867 0.005405263 0.000314209
4.9010187 0.005404078 0.000319815
4.9091350 0.005402292 0.000326597
4.9172376 0.005400565 0.000327881
4.9253244 0.005398520 0.000326794
4.9333981 0.005397152 0.000325518
4.9414557 0.005396255 0.000322285
4.9495006 0.005395259 0.000323670
4.9575293 0.005395202 0.000327446
4.9655453 0.005395256 0.000327925
4.9735457 0.005396138 0.000327159
4.9815331 0.005397459 0.000327364
4.9895056 0.005399042 0.000329808
4.9974645 0.005400497 0.000338004
5.0054094 0.005401977 0.000346630
5.0133403 0.005403969 0.000348494
5.0212578 0.005406321 0.000345043
5.0291606 0.005408283 0.000342483
5.0370506 0.005410666 0.000348804
5.0449263 0.005413417 0.000358384
5.0527887 0.005415484 0.000357881
5.0606378 0.005418404 0.000350249
5.0684729 0.005421126 0.000344496
5.0762958 0.005423803 0.000344496
5.0841037 0.005426298 0.000352206
5.0918997 0.005428964 0.000362579
5.0996815 0.005431333 0.000363541
5.1074507 0.005434317 0.000357597
5.1152071 0.005436948 0.000352376
5.1229494 0.005440167 0.000354239
5.1306803 0.005443105 0.000363121
5.1383967 0.005446565 0.000367866
5.1461012 0.005449886 0.000368788
5.1537925 0.005452730 0.000372391
5.1614709 0.005455295 0.000380519
5.1691374 0.005457794 0.000392643
5.1767905 0.005458886 0.000401738
5.1844311 0.005460070 0.000400724
5.1920598 0.005460350 0.000396402
5.1996748 0.005460381 0.000397243
5.2072786 0.005460363 0.000400011
5.2148691 0.005459821 0.000400751
5.2224476 0.005459122 0.000398938
5.2300150 0.005458595 0.000398775
5.2375685 0.005457731 0.000401842
5.2451110 0.005457233 0.000402310
5.2526409 0.005456731 0.000402136
5.2601584 0.005455879 0.000409369
5.2676644 0.005455282 0.000422932
5.2751583 0.005454516 0.000431800
5.2826400 0.005453646 0.000432464
5.2901109 0.005451905 0.000433434
5.2975689 0.005449576 0.000439678
