# Wavelength [micron], Flux [(Rp/Rstar)^2], Flux Error [(Rp/Rstar)^2]
0.6024955 0.005277755 0.007346615
0.6069110 0.005277306 0.005690455
0.6114138 0.005276940 0.005178172
0.6160083 0.005276692 0.005998746
0.6207060 0.005276639 0.007610993
0.6255137 0.005276928 0.007162055
0.6304231 0.005279268 0.005456235
0.6354383 0.005276516 0.004321827
0.6405638 0.005274524 0.003374883
0.6458037 0.005274009 0.002691538
0.6511621 0.005273631 0.002413384
0.6566434 0.005273272 0.002217662
0.6622515 0.005272907 0.002195367
0.6679905 0.005272548 0.002524674
0.6738645 0.005272198 0.002810924
0.6798775 0.005271871 0.002433994
0.6860333 0.005271562 0.001908844
0.6923358 0.005275570 0.001386762
0.6988053 0.005274784 0.001030655
0.7054351 0.005270545 0.000944267
0.7122254 0.005270253 0.001026800
0.7191798 0.005269983 0.000911812
0.7263173 0.005269660 0.000651899
0.7336442 0.005269389 0.000511818
0.7411477 0.005269136 0.000469239
0.7488554 0.005269006 0.000448791
0.7567639 0.005269191 0.000451717
0.7648754 0.005275606 0.000503013
0.7732106 0.005275712 0.000489450
0.7817620 0.005267866 0.000400886
0.7905437 0.005267545 0.000334535
0.7995683 0.005267250 0.000283096
0.8088271 0.005266974 0.000244425
0.8183418 0.005266711 0.000224235
0.8281214 0.005266458 0.000220842
0.8381632 0.005266235 0.000236059
0.8484770 0.005266001 0.000270107
0.8590716 0.005265783 0.000276534
0.8699551 0.005268709 0.000241892
0.8811346 0.005265671 0.000208206
0.8926164 0.005265444 0.000182265
0.9044060 0.005265184 0.000161874
0.9165078 0.005265148 0.000153777
0.9289255 0.005265633 0.000157603
0.9416801 0.005264893 0.000153989
0.9547579 0.005264855 0.000139468
0.9681656 0.005264439 0.000128407
0.9819158 0.005264250 0.000122705
0.9959982 0.005264065 0.000118635
1.0104222 0.005263860 0.000114743
1.0251872 0.005263713 0.000111825
1.0402863 0.005265737 0.000106141
1.0557198 0.005270129 0.000097771
1.0714898 0.005271061 0.000090709
1.0875877 0.005266183 0.000086463
1.1040065 0.005264450 0.000084935
1.1207395 0.005264553 0.000083329
1.1377782 0.005264262 0.000080591
1.1551158 0.005263911 0.000078073
1.1727403 0.005263526 0.000076392
1.1906381 0.005263196 0.000074048
1.2087958 0.005291171 0.000071259
1.2272038 0.005320947 0.000069655
1.2458459 0.005305079 0.000069203
1.2647046 0.005292143 0.000068515
1.2837703 0.005287406 0.000067623
1.3030204 0.005273116 0.000067538
1.3224455 0.005291589 0.000070229
1.3420237 0.005288781 0.000076095
1.3617432 0.005287012 0.000081069
1.3815855 0.005276933 0.000084052
1.4015354 0.005275450 0.000087326
1.4215790 0.005271013 0.000088961
1.4416999 0.005331947 0.000088213
1.4618841 0.005361644 0.000087580
1.4821185 0.005341149 0.000086475
1.5023890 0.005324107 0.000084368
1.5226834 0.005330965 0.000082170
1.5429901 0.005317394 0.000080400
1.5632975 0.005332296 0.000078476
1.5835958 0.005360344 0.000075933
1.6038748 0.005357133 0.000073810
1.6241256 0.005363877 0.000072633
1.6443401 0.005352455 0.000071896
1.6645097 0.005339638 0.000071320
1.6846280 0.005329484 0.000071683
1.7046891 0.005318583 0.000073938
1.7246855 0.005315485 0.000077687
1.7446132 0.005312715 0.000082155
1.7644672 0.005317042 0.000087029
1.7842419 0.005318499 0.000092752
1.8039357 0.005329081 0.000096885
1.8235424 0.005329091 0.000098455
1.8430615 0.005319347 0.000102010
1.8624886 0.005322293 0.000105256
1.8818222 0.005346117 0.000104601
1.9010601 0.005349123 0.000103952
1.9202006 0.005354745 0.000103411
1.9392416 0.005393385 0.000103200
1.9581833 0.005395447 0.000104188
1.9770227 0.005386262 0.000105588
1.9957615 0.005386662 0.000106230
2.0143958 0.005401708 0.000106194
2.0329284 0.005399873 0.000106349
2.0513582 0.005417197 0.000105813
2.0696833 0.005418332 0.000103414
2.0879059 0.005407292 0.000100327
2.1060261 0.005397917 0.000098852
2.1240418 0.005391972 0.000098715
2.1419552 0.005389389 0.000097613
2.1597671 0.005385770 0.000096277
2.1774776 0.005384842 0.000095220
2.1950856 0.005423112 0.000094382
2.2125931 0.005416967 0.000094222
2.2300013 0.005404372 0.000094220
2.2473103 0.005391237 0.000093618
2.2645209 0.005377899 0.000094143
2.2816342 0.005377059 0.000097486
2.2986501 0.005410606 0.000101448
2.3155696 0.005412376 0.000103448
2.3323940 0.005402926 0.000105734
2.3491244 0.005390836 0.000108618
2.3657616 0.005377331 0.000111775
2.3823062 0.005378719 0.000114021
2.3987595 0.005406221 0.000116241
2.4151221 0.005444458 0.000118610
2.4313954 0.005445495 0.000121737
2.4475801 0.005433100 0.000125880
2.4636770 0.005418393 0.000129008
2.4796869 0.005412915 0.000130466
2.4956106 0.005408250 0.000132259
2.5114494 0.005400479 0.000136466
2.5272048 0.005396657 0.000141706
2.5428774 0.005391297 0.000143672
2.5584683 0.005387856 0.000143013
2.5739782 0.005394148 0.000142583
2.5894073 0.005430385 0.000141715
2.6047568 0.005449285 0.000141895
2.6200283 0.005453696 0.000142719
2.6352230 0.005448821 0.000142694
2.6503414 0.005443184 0.000141949
2.6653825 0.005437378 0.000142271
2.6803497 0.005434084 0.000145070
2.6952437 0.005431973 0.000149063
2.7100637 0.005428949 0.000152410
2.7248112 0.005420718 0.000155069
2.7394885 0.005417641 0.000156299
2.7540946 0.005416599 0.000156312
2.7686304 0.005415828 0.000156540
2.7830984 0.005419184 0.000158200
2.7974971 0.005421149 0.000161093
2.8118288 0.005421995 0.000164171
2.8260946 0.005430437 0.000167666
2.8402929 0.005446811 0.000169388
2.8544280 0.005462378 0.000168670
2.8684970 0.005461094 0.000169659
2.8825036 0.005453146 0.000172055
2.8964464 0.005441716 0.000172387
2.9103274 0.005435612 0.000172691
2.9241467 0.005430145 0.000172541
2.9379052 0.005423467 0.000172695
2.9516035 0.005415243 0.000173766
2.9652425 0.005407786 0.000173348
2.9788223 0.005403323 0.000173694
2.9923443 0.005405486 0.000176591
3.0058078 0.005414099 0.000178127
3.0192161 0.005426215 0.000177385
3.0325658 0.005436193 0.000177255
3.0458615 0.005435271 0.000177759
3.0591007 0.005430558 0.000176681
3.0722859 0.005426293 0.000175618
3.0854178 0.005423978 0.000175964
3.0984947 0.005417852 0.000175358
3.1115202 0.005412641 0.000174317
3.1244928 0.005408292 0.000175894
3.1374131 0.005404977 0.000178872
3.1502832 0.005402219 0.000179121
3.1631020 0.005396462 0.000178036
3.1758705 0.005391944 0.000178974
3.1885901 0.005385598 0.000180076
3.2012600 0.005385023 0.000180247
3.2138807 0.005385465 0.000181421
3.2264541 0.005388754 0.000181199
3.2389804 0.005400715 0.000178477
3.2514577 0.005412628 0.000176885
3.2638887 0.005413663 0.000178244
3.2762742 0.005413297 0.000179686
3.2886142 0.005411430 0.000180170
3.3009073 0.005409444 0.000180227
3.3131559 0.005409841 0.000179263
3.3253604 0.005416062 0.000177615
3.3375213 0.005427624 0.000177185
3.3496378 0.005435200 0.000179157
3.3617107 0.005435333 0.000180461
3.3737410 0.005433751 0.000180917
3.3857293 0.005431159 0.000182968
3.3976757 0.005426141 0.000182617
3.4095807 0.005420665 0.000179640
3.4214434 0.005415744 0.000178124
3.4332653 0.005418549 0.000178906
3.4450469 0.005416798 0.000181814
3.4567885 0.005414611 0.000183829
3.4684904 0.005413089 0.000183453
3.4801530 0.005410877 0.000183311
3.4917767 0.005407745 0.000182601
3.5033610 0.005404506 0.000180742
3.5149069 0.005404539 0.000180175
3.5264150 0.005416754 0.000182444
3.5378854 0.005434218 0.000185256
3.5493184 0.005452778 0.000187294
3.5607146 0.005465964 0.000187381
3.5720740 0.005472429 0.000184942
3.5833969 0.005473950 0.000184682
3.5946838 0.005470163 0.000187241
3.6059349 0.005481290 0.000189116
3.6171505 0.005479547 0.000189296
3.6283309 0.005476087 0.000190128
3.6394765 0.005473971 0.000191520
3.6505875 0.005472346 0.000192791
3.6616641 0.005470623 0.000192509
3.6727069 0.005466595 0.000190777
3.6837156 0.005461186 0.000190011
3.6946911 0.005455616 0.000190408
3.7056334 0.005450116 0.000190296
3.7165424 0.005446859 0.000189230
3.7274190 0.005446528 0.000188981
3.7382633 0.005447173 0.000189871
3.7490752 0.005447090 0.000190200
3.7598555 0.005451916 0.000190435
3.7706041 0.005454701 0.000191899
3.7813213 0.005451294 0.000193381
3.7920077 0.005447677 0.000193399
3.8026628 0.005447287 0.000192346
3.8132876 0.005444976 0.000191485
3.8238818 0.005441085 0.000191677
3.8344458 0.005438888 0.000194460
3.8449803 0.005436839 0.000199249
3.8554850 0.005434266 0.000202395
3.8659603 0.005433532 0.000202090
3.8764060 0.005431617 0.000200153
3.8868224 0.005429179 0.000198834
3.8972102 0.005426739 0.000198085
3.9075693 0.005423250 0.000197323
3.9179001 0.005420409 0.000197625
3.9282030 0.005418268 0.000199594
3.9384781 0.005418207 0.000201628
3.9487256 0.005420747 0.000202658
3.9589447 0.005425774 0.000203819
3.9691365 0.005431474 0.000206253
3.9793013 0.005436592 0.000208657
3.9894392 0.005441777 0.000210258
3.9995505 0.005447250 0.000211468
4.0096354 0.005453472 0.000211999
4.0196939 0.005460244 0.000213719
4.0297252 0.005467200 0.000217178
4.0397307 0.005475070 0.000220208
4.0497108 0.005482389 0.000222692
4.0596653 0.005490001 0.000224183
4.0695949 0.005497495 0.000223751
4.0794981 0.005499010 0.000222966
4.0893761 0.005496943 0.000223941
4.0992298 0.005497724 0.000227129
4.1090587 0.005498120 0.000230511
4.1188633 0.005496394 0.000231624
4.1286424 0.005493223 0.000231758
4.1383975 0.005489149 0.000231731
4.1481289 0.005484618 0.000231837
4.1578363 0.005479568 0.000236040
4.1675196 0.005474474 0.000240575
4.1771790 0.005470082 0.000239708
4.1868155 0.005466162 0.000236093
4.1964291 0.005464703 0.000235409
4.2060184 0.005462720 0.000238002
4.2155850 0.005460126 0.000240975
4.2251288 0.005458957 0.000243433
4.2346507 0.005457834 0.000246201
4.2441486 0.005456941 0.000248997
4.2536245 0.005454954 0.000249484
4.2630788 0.005454082 0.000247758
4.2725102 0.005451966 0.000247376
4.2819191 0.005454140 0.000250263
4.2913069 0.005448782 0.000255317
4.3006734 0.005447889 0.000260780
4.3100173 0.005445718 0.000264927
4.3193397 0.005442961 0.000266678
4.3286419 0.005444264 0.000273494
4.3379220 0.005441839 0.000290508
4.3471807 0.005439987 0.000297957
4.3564195 0.005438722 0.000287781
4.3656367 0.005436974 0.000283130
4.3748331 0.005437197 0.000286769
4.3840093 0.005435300 0.000287539
4.3931652 0.005435156 0.000286349
4.4022999 0.005434012 0.000289822
4.4114154 0.005434456 0.000295729
4.4205105 0.005435872 0.000295854
4.4295851 0.005436320 0.000293564
4.4386408 0.005438381 0.000294802
4.4476760 0.005441056 0.000297874
4.4566918 0.005441880 0.000302351
4.4656887 0.005441862 0.000306961
4.4746653 0.005441789 0.000309304
4.4836229 0.005439669 0.000309117
4.4925622 0.005437677 0.000310719
4.5014809 0.005435000 0.000314374
4.5103820 0.005432885 0.000317222
4.5192634 0.005430325 0.000319920
4.5281260 0.005428031 0.000321194
4.5369713 0.005425884 0.000317099
4.5457960 0.005424019 0.000309253
4.5546038 0.005421753 0.000305310
4.5633926 0.005419908 0.000311306
4.5721633 0.005417912 0.000319478
4.5809165 0.005416204 0.000317960
4.5896506 0.005414773 0.000313325
4.5983677 0.005413543 0.000316470
4.6070667 0.005412772 0.000323622
4.6157479 0.005413187 0.000329648
4.6244123 0.005413105 0.000332191
4.6330577 0.005413806 0.000328159
4.6416874 0.005414878 0.000325885
4.6502981 0.005416476 0.000330034
4.6588928 0.005418566 0.000338254
4.6674694 0.005420687 0.000342056
4.6760293 0.005422955 0.000334172
4.6845727 0.005425300 0.000326874
4.6930986 0.005428558 0.000328784
4.7016087 0.005430393 0.000333393
4.7101006 0.005430927 0.000335847
4.7185776 0.005429503 0.000338110
4.7270362 0.005427571 0.000336714
4.7354800 0.005425526 0.000334412
4.7439060 0.005425306 0.000336093
4.7523170 0.005422955 0.000339127
4.7607108 0.005420814 0.000339392
4.7690894 0.005418973 0.000339526
4.7774514 0.005419809 0.000337932
4.7857980 0.005415426 0.000336813
4.7941284 0.005415049 0.000346053
4.8024434 0.005414514 0.000360174
4.8107421 0.005418391 0.000368327
4.8190256 0.005412944 0.000369359
4.8272935 0.005411110 0.000370304
4.8355461 0.005409924 0.000374965
4.8437829 0.005409781 0.000381322
4.8520048 0.005409589 0.000382352
4.8602113 0.005411997 0.000369922
4.8684028 0.005414535 0.000356583
4.8765789 0.005411162 0.000351931
4.8847406 0.005408140 0.000356269
4.8928867 0.005405263 0.000362817
4.9010187 0.005404078 0.000369291
4.9091350 0.005402292 0.000377121
4.9172376 0.005400565 0.000378604
4.9253244 0.005398520 0.000377350
4.9333981 0.005397152 0.000375876
4.9414557 0.005396255 0.000372143
4.9495006 0.005395259 0.000373742
4.9575293 0.005395202 0.000378102
4.9655453 0.005395256 0.000378655
4.9735457 0.005396138 0.000377771
4.9815331 0.005397459 0.000378008
4.9895056 0.005399042 0.000380830
4.9974645 0.005400497 0.000390294
5.0054094 0.005401977 0.000400254
5.0133403 0.005403969 0.000402407
5.0212578 0.005406321 0.000398422
5.0291606 0.005408283 0.000395465
5.0370506 0.005410666 0.000402765
5.0449263 0.005413417 0.000413826
5.0527887 0.005415484 0.000413245
5.0606378 0.005418404 0.000404432
5.0684729 0.005421126 0.000397790
5.0762958 0.005423803 0.000397789
5.0841037 0.005426298 0.000406693
5.0918997 0.005428964 0.000418671
5.0996815 0.005431333 0.000419781
5.1074507 0.005434317 0.000412917
5.1152071 0.005436948 0.000406889
5.1229494 0.005440167 0.000409040
5.1306803 0.005443105 0.000419296
5.1383967 0.005446565 0.000424775
5.1461012 0.005449886 0.000425840
5.1537925 0.005452730 0.000430000
5.1614709 0.005455295 0.000439386
5.1691374 0.005457794 0.000453385
5.1767905 0.005458886 0.000463887
5.1844311 0.005460070 0.000462716
5.1920598 0.005460350 0.000457725
5.1996748 0.005460381 0.000458697
5.2072786 0.005460363 0.000461892
5.2148691 0.005459821 0.000462747
5.2224476 0.005459122 0.000460653
5.2300150 0.005458595 0.000460466
5.2375685 0.005457731 0.000464008
5.2451110 0.005457233 0.000464548
5.2526409 0.005456731 0.000464347
5.2601584 0.005455879 0.000472698
5.2676644 0.005455282 0.000488359
5.2751583 0.005454516 0.000498599
5.2826400 0.005453646 0.000499366
5.2901109 0.005451905 0.000500486
5.2975689 0.005449576 0.000507696
