# Wavelength [micron], Flux [(Rp/Rstar)^2], Flux Error [(Rp/Rstar)^2]
0.6024955 0.005277755 0.003836645
0.6069110 0.005277306 0.002971743
0.6114138 0.005276940 0.002704212
0.6160083 0.005276692 0.003132743
0.6207060 0.005276639 0.003974712
0.6255137 0.005276928 0.003740261
0.6304231 0.005279268 0.002849426
0.6354383 0.005276516 0.002257001
0.6405638 0.005274524 0.001762475
0.6458037 0.005274009 0.001405610
0.6511621 0.005273631 0.001260349
0.6566434 0.005273272 0.001158136
0.6622515 0.005272907 0.001146493
0.6679905 0.005272548 0.001318468
0.6738645 0.005272198 0.001467957
0.6798775 0.005271871 0.001271112
0.6860333 0.005271562 0.000996861
0.6923358 0.005275570 0.000724213
0.6988053 0.005274784 0.000538242
0.7054351 0.005270545 0.000493127
0.7122254 0.005270253 0.000536229
0.7191798 0.005269983 0.000476178
0.7263173 0.005269660 0.000340443
0.7336442 0.005269389 0.000267288
0.7411477 0.005269136 0.000245052
0.7488554 0.005269006 0.000234373
0.7567639 0.005269191 0.000235902
0.7648754 0.005275606 0.000262690
0.7732106 0.005275712 0.000255607
0.7817620 0.005267866 0.000209356
0.7905437 0.005267545 0.000174705
0.7995683 0.005267250 0.000147842
0.8088271 0.005266974 0.000127647
0.8183418 0.005266711 0.000117103
0.8281214 0.005266458 0.000115331
0.8381632 0.005266235 0.000123278
0.8484770 0.005266001 0.000141059
0.8590716 0.005265783 0.000144415
0.8699551 0.005268709 0.000126324
0.8811346 0.005265671 0.000108732
0.8926164 0.005265444 0.000095185
0.9044060 0.005265184 0.000084536
0.9165078 0.005265148 0.000080307
0.9289255 0.005265633 0.000082306
0.9416801 0.005264893 0.000080418
0.9547579 0.005264855 0.000072835
0.9681656 0.005264439 0.000067058
0.9819158 0.005264250 0.000064081
0.9959982 0.005264065 0.000061955
1.0104222 0.005263860 0.000059923
1.0251872 0.005263713 0.000058398
1.0402863 0.005265737 0.000055430
1.0557198 0.005270129 0.000051059
1.0714898 0.005271061 0.000047371
1.0875877 0.005266183 0.000045154
1.1040065 0.005264450 0.000044356
1.1207395 0.005264553 0.000043517
1.1377782 0.005264262 0.000042087
1.1551158 0.005263911 0.000040772
1.1727403 0.005263526 0.000039894
1.1906381 0.005263196 0.000038670
1.2087958 0.005291171 0.000037214
1.2272038 0.005320947 0.000036376
1.2458459 0.005305079 0.000036140
1.2647046 0.005292143 0.000035781
1.2837703 0.005287406 0.000035315
1.3030204 0.005273116 0.000035271
1.3224455 0.005291589 0.000036676
1.3420237 0.005288781 0.000039740
1.3617432 0.005287012 0.000042337
1.3815855 0.005276933 0.000043895
1.4015354 0.005275450 0.000045605
1.4215790 0.005271013 0.000046459
1.4416999 0.005331947 0.000046068
1.4618841 0.005361644 0.000045737
1.4821185 0.005341149 0.000045160
1.5023890 0.005324107 0.000044060
1.5226834 0.005330965 0.000042912
1.5429901 0.005317394 0.000041987
1.5632975 0.005332296 0.000040983
1.5835958 0.005360344 0.000039655
1.6038748 0.005357133 0.000038546
1.6241256 0.005363877 0.000037931
1.6443401 0.005352455 0.000037546
1.6645097 0.005339638 0.000037246
1.6846280 0.005329484 0.000037435
1.7046891 0.005318583 0.000038613
1.7246855 0.005315485 0.000040571
1.7446132 0.005312715 0.000042904
1.7644672 0.005317042 0.000045450
1.7842419 0.005318499 0.000048438
1.8039357 0.005329081 0.000050596
1.8235424 0.005329091 0.000051417
1.8430615 0.005319347 0.000053273
1.8624886 0.005322293 0.000054968
1.8818222 0.005346117 0.000054626
1.9010601 0.005349123 0.000054287
1.9202006 0.005354745 0.000054005
1.9392416 0.005393385 0.000053894
1.9581833 0.005395447 0.000054410
1.9770227 0.005386262 0.000055141
1.9957615 0.005386662 0.000055477
2.0143958 0.005401708 0.000055458
2.0329284 0.005399873 0.000055539
2.0513582 0.005417197 0.000055259
2.0696833 0.005418332 0.000054006
2.0879059 0.005407292 0.000052394
2.1060261 0.005397917 0.000051624
2.1240418 0.005391972 0.000051552
2.1419552 0.005389389 0.000050977
2.1597671 0.005385770 0.000050279
2.1774776 0.005384842 0.000049727
2.1950856 0.005423112 0.000049290
2.2125931 0.005416967 0.000049206
2.2300013 0.005404372 0.000049205
2.2473103 0.005391237 0.000048890
2.2645209 0.005377899 0.000049165
2.2816342 0.005377059 0.000050910
2.2986501 0.005410606 0.000052980
2.3155696 0.005412376 0.000054024
2.3323940 0.005402926 0.000055218
2.3491244 0.005390836 0.000056724
2.3657616 0.005377331 0.000058373
2.3823062 0.005378719 0.000059545
2.3987595 0.005406221 0.000060705
2.4151221 0.005444458 0.000061942
2.4313954 0.005445495 0.000063575
2.4475801 0.005433100 0.000065738
2.4636770 0.005418393 0.000067372
2.4796869 0.005412915 0.000068134
2.4956106 0.005408250 0.000069070
2.5114494 0.005400479 0.000071267
2.5272048 0.005396657 0.000074004
2.5428774 0.005391297 0.000075030
2.5584683 0.005387856 0.000074686
2.5739782 0.005394148 0.000074461
2.5894073 0.005430385 0.000074008
2.6047568 0.005449285 0.000074102
2.6200283 0.005453696 0.000074533
2.6352230 0.005448821 0.000074519
2.6503414 0.005443184 0.000074130
2.6653825 0.005437378 0.000074298
2.6803497 0.005434084 0.000075760
2.6952437 0.005431973 0.000077846
2.7100637 0.005428949 0.000079593
2.7248112 0.005420718 0.000080982
2.7394885 0.005417641 0.000081625
2.7540946 0.005416599 0.000081631
2.7686304 0.005415828 0.000081750
2.7830984 0.005419184 0.000082617
2.7974971 0.005421149 0.000084128
2.8118288 0.005421995 0.000085735
2.8260946 0.005430437 0.000087561
2.8402929 0.005446811 0.000088460
2.8544280 0.005462378 0.000088085
2.8684970 0.005461094 0.000088602
2.8825036 0.005453146 0.000089853
2.8964464 0.005441716 0.000090026
2.9103274 0.005435612 0.000090185
2.9241467 0.005430145 0.000090107
2.9379052 0.005423467 0.000090187
2.9516035 0.005415243 0.000090747
2.9652425 0.005407786 0.000090528
2.9788223 0.005403323 0.000090709
2.9923443 0.005405486 0.000092222
3.0058078 0.005414099 0.000093024
3.0192161 0.005426215 0.000092636
3.0325658 0.005436193 0.000092569
3.0458615 0.005435271 0.000092832
3.0591007 0.005430558 0.000092268
3.0722859 0.005426293 0.000091714
3.0854178 0.005423978 0.000091894
3.0984947 0.005417852 0.000091578
3.1115202 0.005412641 0.000091034
3.1244928 0.005408292 0.000091858
3.1374131 0.005404977 0.000093413
3.1502832 0.005402219 0.000093543
3.1631020 0.005396462 0.000092976
3.1758705 0.005391944 0.000093466
3.1885901 0.005385598 0.000094042
3.2012600 0.005385023 0.000094131
3.2138807 0.005385465 0.000094744
3.2264541 0.005388754 0.000094628
3.2389804 0.005400715 0.000093207
3.2514577 0.005412628 0.000092375
3.2638887 0.005413663 0.000093085
3.2762742 0.005413297 0.000093838
3.2886142 0.005411430 0.000094091
3.3009073 0.005409444 0.000094121
3.3131559 0.005409841 0.000093617
3.3253604 0.005416062 0.000092757
3.3375213 0.005427624 0.000092532
3.3496378 0.005435200 0.000093562
3.3617107 0.005435333 0.000094243
3.3737410 0.005433751 0.000094481
3.3857293 0.005431159 0.000095552
3.3976757 0.005426141 0.000095369
3.4095807 0.005420665 0.000093814
3.4214434 0.005415744 0.000093022
3.4332653 0.005418549 0.000093431
3.4450469 0.005416798 0.000094949
3.4567885 0.005414611 0.000096002
3.4684904 0.005413089 0.000095805
3.4801530 0.005410877 0.000095731
3.4917767 0.005407745 0.000095360
3.5033610 0.005404506 0.000094389
3.5149069 0.005404539 0.000094093
3.5264150 0.005416754 0.000095278
3.5378854 0.005434218 0.000096747
3.5493184 0.005452778 0.000097811
3.5607146 0.005465964 0.000097856
3.5720740 0.005472429 0.000096583
3.5833969 0.005473950 0.000096447
3.5946838 0.005470163 0.000097784
3.6059349 0.005481290 0.000098763
3.6171505 0.005479547 0.000098857
3.6283309 0.005476087 0.000099291
3.6394765 0.005473971 0.000100018
3.6505875 0.005472346 0.000100682
3.6616641 0.005470623 0.000100535
3.6727069 0.005466595 0.000099630
3.6837156 0.005461186 0.000099230
3.6946911 0.005455616 0.000099437
3.7056334 0.005450116 0.000099379
3.7165424 0.005446859 0.000098822
3.7274190 0.005446528 0.000098692
3.7382633 0.005447173 0.000099157
3.7490752 0.005447090 0.000099329
3.7598555 0.005451916 0.000099452
3.7706041 0.005454701 0.000100216
3.7813213 0.005451294 0.000100990
3.7920077 0.005447677 0.000100999
3.8026628 0.005447287 0.000100449
3.8132876 0.005444976 0.000100000
3.8238818 0.005441085 0.000100100
3.8344458 0.005438888 0.000101554
3.8449803 0.005436839 0.000104054
3.8554850 0.005434266 0.000105697
3.8659603 0.005433532 0.000105538
3.8764060 0.005431617 0.000104526
3.8868224 0.005429179 0.000103837
3.8972102 0.005426739 0.000103447
3.9075693 0.005423250 0.000103049
3.9179001 0.005420409 0.000103206
3.9282030 0.005418268 0.000104234
3.9384781 0.005418207 0.000105297
3.9487256 0.005420747 0.000105834
3.9589447 0.005425774 0.000106441
3.9691365 0.005431474 0.000107712
3.9793013 0.005436592 0.000108967
3.9894392 0.005441777 0.000109804
3.9995505 0.005447250 0.000110436
4.0096354 0.005453472 0.000110713
4.0196939 0.005460244 0.000111611
4.0297252 0.005467200 0.000113418
4.0397307 0.005475070 0.000115000
4.0497108 0.005482389 0.000116297
4.0596653 0.005490001 0.000117076
4.0695949 0.005497495 0.000116850
4.0794981 0.005499010 0.000116440
4.0893761 0.005496943 0.000116949
4.0992298 0.005497724 0.000118614
4.1090587 0.005498120 0.000120381
4.1188633 0.005496394 0.000120962
4.1286424 0.005493223 0.000121031
4.1383975 0.005489149 0.000121018
4.1481289 0.005484618 0.000121073
4.1578363 0.005479568 0.000123268
4.1675196 0.005474474 0.000125636
4.1771790 0.005470082 0.000125183
4.1868155 0.005466162 0.000123296
4.1964291 0.005464703 0.000122938
4.2060184 0.005462720 0.000124292
4.2155850 0.005460126 0.000125845
4.2251288 0.005458957 0.000127128
4.2346507 0.005457834 0.000128574
4.2441486 0.005456941 0.000130034
4.2536245 0.005454954 0.000130289
4.2630788 0.005454082 0.000129388
4.2725102 0.005451966 0.000129188
4.2819191 0.005454140 0.000130696
4.2913069 0.005448782 0.000133335
4.3006734 0.005447889 0.000136188
4.3100173 0.005445718 0.000138354
4.3193397 0.005442961 0.000139268
4.3286419 0.005444264 0.000142828
4.3379220 0.005441839 0.000151713
4.3471807 0.005439987 0.000155603
4.3564195 0.005438722 0.000150289
4.3656367 0.005436974 0.000147860
4.3748331 0.005437197 0.000149760
4.3840093 0.005435300 0.000150163
4.3931652 0.005435156 0.000149541
4.4022999 0.005434012 0.000151355
4.4114154 0.005434456 0.000154439
4.4205105 0.005435872 0.000154505
4.4295851 0.005436320 0.000153309
4.4386408 0.005438381 0.000153955
4.4476760 0.005441056 0.000155560
4.4566918 0.005441880 0.000157897
4.4656887 0.005441862 0.000160305
4.4746653 0.005441789 0.000161529
4.4836229 0.005439669 0.000161431
4.4925622 0.005437677 0.000162268
4.5014809 0.005435000 0.000164176
4.5103820 0.005432885 0.000165664
4.5192634 0.005430325 0.000167073
4.5281260 0.005428031 0.000167738
4.5369713 0.005425884 0.000165600
4.5457960 0.005424019 0.000161502
4.5546038 0.005421753 0.000159443
4.5633926 0.005419908 0.000162574
4.5721633 0.005417912 0.000166842
4.5809165 0.005416204 0.000166049
4.5896506 0.005414773 0.000163629
4.5983677 0.005413543 0.000165271
4.6070667 0.005412772 0.000169006
4.6157479 0.005413187 0.000172153
4.6244123 0.005413105 0.000173481
4.6330577 0.005413806 0.000171375
4.6416874 0.005414878 0.000170188
4.6502981 0.005416476 0.000172355
4.6588928 0.005418566 0.000176647
4.6674694 0.005420687 0.000178633
4.6760293 0.005422955 0.000174516
4.6845727 0.005425300 0.000170704
4.6930986 0.005428558 0.000171702
4.7016087 0.005430393 0.000174109
4.7101006 0.005430927 0.000175390
4.7185776 0.005429503 0.000176572
4.7270362 0.005427571 0.000175843
4.7354800 0.005425526 0.000174641
4.7439060 0.005425306 0.000175519
4.7523170 0.005422955 0.000177104
4.7607108 0.005420814 0.000177241
4.7690894 0.005418973 0.000177311
4.7774514 0.005419809 0.000176479
4.7857980 0.005415426 0.000175895
4.7941284 0.005415049 0.000180720
4.8024434 0.005414514 0.000188095
4.8107421 0.005418391 0.000192353
4.8190256 0.005412944 0.000192891
4.8272935 0.005411110 0.000193385
4.8355461 0.005409924 0.000195819
4.8437829 0.005409781 0.000199139
4.8520048 0.005409589 0.000199677
4.8602113 0.005411997 0.000193185
4.8684028 0.005414535 0.000186220
4.8765789 0.005411162 0.000183790
4.8847406 0.005408140 0.000186056
4.8928867 0.005405263 0.000189475
4.9010187 0.005404078 0.000192856
4.9091350 0.005402292 0.000196945
4.9172376 0.005400565 0.000197720
4.9253244 0.005398520 0.000197064
4.9333981 0.005397152 0.000196295
4.9414557 0.005396255 0.000194345
4.9495006 0.005395259 0.000195180
4.9575293 0.005395202 0.000197457
4.9655453 0.005395256 0.000197746
4.9735457 0.005396138 0.000197284
4.9815331 0.005397459 0.000197408
4.9895056 0.005399042 0.000198882
4.9974645 0.005400497 0.000203824
5.0054094 0.005401977 0.000209026
5.0133403 0.005403969 0.000210150
5.0212578 0.005406321 0.000208069
5.0291606 0.005408283 0.000206525
5.0370506 0.005410666 0.000210337
5.0449263 0.005413417 0.000216114
5.0527887 0.005415484 0.000215810
5.0606378 0.005418404 0.000211208
5.0684729 0.005421126 0.000207739
5.0762958 0.005423803 0.000207739
5.0841037 0.005426298 0.000212389
5.0918997 0.005428964 0.000218644
5.0996815 0.005431333 0.000219224
5.1074507 0.005434317 0.000215639
5.1152071 0.005436948 0.000212491
5.1229494 0.005440167 0.000213614
5.1306803 0.005443105 0.000218970
5.1383967 0.005446565 0.000221831
5.1461012 0.005449886 0.000222388
5.1537925 0.005452730 0.000224560
5.1614709 0.005455295 0.000229462
5.1691374 0.005457794 0.000236772
5.1767905 0.005458886 0.000242257
5.1844311 0.005460070 0.000241646
5.1920598 0.005460350 0.000239039
5.1996748 0.005460381 0.000239547
5.2072786 0.005460363 0.000241215
5.2148691 0.005459821 0.000241662
5.2224476 0.005459122 0.000240568
5.2300150 0.005458595 0.000240471
5.2375685 0.005457731 0.000242320
5.2451110 0.005457233 0.000242602
5.2526409 0.005456731 0.000242497
5.2601584 0.005455879 0.000246859
5.2676644 0.005455282 0.000255037
5.2751583 0.005454516 0.000260385
5.2826400 0.005453646 0.000260785
5.2901109 0.005451905 0.000261370
5.2975689 0.005449576 0.000265136
