# Wavelength [micron], Flux [(Rp/Rstar)^2], Flux Error [(Rp/Rstar)^2]
0.6024955 0.005277755 0.005690664
0.6069110 0.005277306 0.004407808
0.6114138 0.005276940 0.004010995
0.6160083 0.005276692 0.004646608
0.6207060 0.005276639 0.005895450
0.6255137 0.005276928 0.005547704
0.6304231 0.005279268 0.004226381
0.6354383 0.005276516 0.003347673
0.6405638 0.005274524 0.002614173
0.6458037 0.005274009 0.002084857
0.6511621 0.005273631 0.001869399
0.6566434 0.005273272 0.001717793
0.6622515 0.005272907 0.001700524
0.6679905 0.005272548 0.001955604
0.6738645 0.005272198 0.002177332
0.6798775 0.005271871 0.001885363
0.6860333 0.005271562 0.001478584
0.6923358 0.005275570 0.001074181
0.6988053 0.005274784 0.000798342
0.7054351 0.005270545 0.000731426
0.7122254 0.005270253 0.000795356
0.7191798 0.005269983 0.000706287
0.7263173 0.005269660 0.000504958
0.7336442 0.005269389 0.000396453
0.7411477 0.005269136 0.000363471
0.7488554 0.005269006 0.000347632
0.7567639 0.005269191 0.000349899
0.7648754 0.005275606 0.000389632
0.7732106 0.005275712 0.000379126
0.7817620 0.005267866 0.000310525
0.7905437 0.005267545 0.000259130
0.7995683 0.005267250 0.000219285
0.8088271 0.005266974 0.000189331
0.8183418 0.005266711 0.000173692
0.8281214 0.005266458 0.000171063
0.8381632 0.005266235 0.000182850
0.8484770 0.005266001 0.000209224
0.8590716 0.005265783 0.000214202
0.8699551 0.005268709 0.000187368
0.8811346 0.005265671 0.000161276
0.8926164 0.005265444 0.000141182
0.9044060 0.005265184 0.000125387
0.9165078 0.005265148 0.000119115
0.9289255 0.005265633 0.000122079
0.9416801 0.005264893 0.000119280
0.9547579 0.005264855 0.000108032
0.9681656 0.005264439 0.000099464
0.9819158 0.005264250 0.000095047
0.9959982 0.005264065 0.000091894
1.0104222 0.005263860 0.000088880
1.0251872 0.005263713 0.000086619
1.0402863 0.005265737 0.000082216
1.0557198 0.005270129 0.000075733
1.0714898 0.005271061 0.000070263
1.0875877 0.005266183 0.000066974
1.1040065 0.005264450 0.000065790
1.1207395 0.005264553 0.000064547
1.1377782 0.005264262 0.000062426
1.1551158 0.005263911 0.000060475
1.1727403 0.005263526 0.000059173
1.1906381 0.005263196 0.000057357
1.2087958 0.005291171 0.000055197
1.2272038 0.005320947 0.000053955
1.2458459 0.005305079 0.000053604
1.2647046 0.005292143 0.000053071
1.2837703 0.005287406 0.000052380
1.3030204 0.005273116 0.000052315
1.3224455 0.005291589 0.000054400
1.3420237 0.005288781 0.000058943
1.3617432 0.005287012 0.000062796
1.3815855 0.005276933 0.000065106
1.4015354 0.005275450 0.000067643
1.4215790 0.005271013 0.000068909
1.4416999 0.005331947 0.000068329
1.4618841 0.005361644 0.000067839
1.4821185 0.005341149 0.000066983
1.5023890 0.005324107 0.000065351
1.5226834 0.005330965 0.000063649
1.5429901 0.005317394 0.000062277
1.5632975 0.005332296 0.000060787
1.5835958 0.005360344 0.000058818
1.6038748 0.005357133 0.000057173
1.6241256 0.005363877 0.000056261
1.6443401 0.005352455 0.000055690
1.6645097 0.005339638 0.000055244
1.6846280 0.005329484 0.000055525
1.7046891 0.005318583 0.000057272
1.7246855 0.005315485 0.000060176
1.7446132 0.005312715 0.000063637
1.7644672 0.005317042 0.000067413
1.7842419 0.005318499 0.000071846
1.8039357 0.005329081 0.000075047
1.8235424 0.005329091 0.000076263
1.8430615 0.005319347 0.000079017
1.8624886 0.005322293 0.000081531
1.8818222 0.005346117 0.000081024
1.9010601 0.005349123 0.000080521
1.9202006 0.005354745 0.000080102
1.9392416 0.005393385 0.000079938
1.9581833 0.005395447 0.000080704
1.9770227 0.005386262 0.000081788
1.9957615 0.005386662 0.000082286
2.0143958 0.005401708 0.000082258
2.0329284 0.005399873 0.000082377
2.0513582 0.005417197 0.000081963
2.0696833 0.005418332 0.000080104
2.0879059 0.005407292 0.000077713
2.1060261 0.005397917 0.000076571
2.1240418 0.005391972 0.000076465
2.1419552 0.005389389 0.000075610
2.1597671 0.005385770 0.000074576
2.1774776 0.005384842 0.000073757
2.1950856 0.005423112 0.000073108
2.2125931 0.005416967 0.000072984
2.2300013 0.005404372 0.000072983
2.2473103 0.005391237 0.000072516
2.2645209 0.005377899 0.000072923
2.2816342 0.005377059 0.000075512
2.2986501 0.005410606 0.000078581
2.3155696 0.005412376 0.000080131
2.3323940 0.005402926 0.000081901
2.3491244 0.005390836 0.000084135
2.3657616 0.005377331 0.000086580
2.3823062 0.005378719 0.000088320
2.3987595 0.005406221 0.000090040
2.4151221 0.005444458 0.000091875
2.4313954 0.005445495 0.000094297
2.4475801 0.005433100 0.000097506
2.4636770 0.005418393 0.000099929
2.4796869 0.005412915 0.000101059
2.4956106 0.005408250 0.000102447
2.5114494 0.005400479 0.000105706
2.5272048 0.005396657 0.000109765
2.5428774 0.005391297 0.000111288
2.5584683 0.005387856 0.000110778
2.5739782 0.005394148 0.000110444
2.5894073 0.005430385 0.000109772
2.6047568 0.005449285 0.000109911
2.6200283 0.005453696 0.000110550
2.6352230 0.005448821 0.000110530
2.6503414 0.005443184 0.000109953
2.6653825 0.005437378 0.000110202
2.6803497 0.005434084 0.000112371
2.6952437 0.005431973 0.000115464
2.7100637 0.005428949 0.000118056
2.7248112 0.005420718 0.000120116
2.7394885 0.005417641 0.000121069
2.7540946 0.005416599 0.000121079
2.7686304 0.005415828 0.000121255
2.7830984 0.005419184 0.000122541
2.7974971 0.005421149 0.000124782
2.8118288 0.005421995 0.000127166
2.8260946 0.005430437 0.000129873
2.8402929 0.005446811 0.000131207
2.8544280 0.005462378 0.000130651
2.8684970 0.005461094 0.000131417
2.8825036 0.005453146 0.000133273
2.8964464 0.005441716 0.000133531
2.9103274 0.005435612 0.000133766
2.9241467 0.005430145 0.000133650
2.9379052 0.005423467 0.000133769
2.9516035 0.005415243 0.000134599
2.9652425 0.005407786 0.000134274
2.9788223 0.005403323 0.000134543
2.9923443 0.005405486 0.000136787
3.0058078 0.005414099 0.000137977
3.0192161 0.005426215 0.000137402
3.0325658 0.005436193 0.000137301
3.0458615 0.005435271 0.000137692
3.0591007 0.005430558 0.000136856
3.0722859 0.005426293 0.000136033
3.0854178 0.005423978 0.000136301
3.0984947 0.005417852 0.000135832
3.1115202 0.005412641 0.000135025
3.1244928 0.005408292 0.000136247
3.1374131 0.005404977 0.000138553
3.1502832 0.005402219 0.000138746
3.1631020 0.005396462 0.000137906
3.1758705 0.005391944 0.000138633
3.1885901 0.005385598 0.000139486
3.2012600 0.005385023 0.000139619
3.2138807 0.005385465 0.000140528
3.2264541 0.005388754 0.000140356
3.2389804 0.005400715 0.000138248
3.2514577 0.005412628 0.000137015
3.2638887 0.005413663 0.000138067
3.2762742 0.005413297 0.000139184
3.2886142 0.005411430 0.000139559
3.3009073 0.005409444 0.000139604
3.3131559 0.005409841 0.000138857
3.3253604 0.005416062 0.000137580
3.3375213 0.005427624 0.000137247
3.3496378 0.005435200 0.000138774
3.3617107 0.005435333 0.000139784
3.3737410 0.005433751 0.000140138
3.3857293 0.005431159 0.000141727
3.3976757 0.005426141 0.000141454
3.4095807 0.005420665 0.000139148
3.4214434 0.005415744 0.000137974
3.4332653 0.005418549 0.000138580
3.4450469 0.005416798 0.000140833
3.4567885 0.005414611 0.000142393
3.4684904 0.005413089 0.000142102
3.4801530 0.005410877 0.000141992
3.4917767 0.005407745 0.000141442
3.5033610 0.005404506 0.000140002
3.5149069 0.005404539 0.000139563
3.5264150 0.005416754 0.000141320
3.5378854 0.005434218 0.000143499
3.5493184 0.005452778 0.000145077
3.5607146 0.005465964 0.000145144
3.5720740 0.005472429 0.000143255
3.5833969 0.005473950 0.000143054
3.5946838 0.005470163 0.000145037
3.6059349 0.005481290 0.000146489
3.6171505 0.005479547 0.000146628
3.6283309 0.005476087 0.000147273
3.6394765 0.005473971 0.000148351
3.6505875 0.005472346 0.000149336
3.6616641 0.005470623 0.000149117
3.6727069 0.005466595 0.000147775
3.6837156 0.005461186 0.000147182
3.6946911 0.005455616 0.000147489
3.7056334 0.005450116 0.000147403
3.7165424 0.005446859 0.000146577
3.7274190 0.005446528 0.000146384
3.7382633 0.005447173 0.000147074
3.7490752 0.005447090 0.000147329
3.7598555 0.005451916 0.000147511
3.7706041 0.005454701 0.000148645
3.7813213 0.005451294 0.000149792
3.7920077 0.005447677 0.000149806
3.8026628 0.005447287 0.000148990
3.8132876 0.005444976 0.000148324
3.8238818 0.005441085 0.000148473
3.8344458 0.005438888 0.000150628
3.8449803 0.005436839 0.000154338
3.8554850 0.005434266 0.000156774
3.8659603 0.005433532 0.000156539
3.8764060 0.005431617 0.000155038
3.8868224 0.005429179 0.000154016
3.8972102 0.005426739 0.000153436
3.9075693 0.005423250 0.000152846
3.9179001 0.005420409 0.000153080
3.9282030 0.005418268 0.000154605
3.9384781 0.005418207 0.000156181
3.9487256 0.005420747 0.000156978
3.9589447 0.005425774 0.000157878
3.9691365 0.005431474 0.000159763
3.9793013 0.005436592 0.000161625
3.9894392 0.005441777 0.000162865
3.9995505 0.005447250 0.000163803
4.0096354 0.005453472 0.000164213
4.0196939 0.005460244 0.000165546
4.0297252 0.005467200 0.000168226
4.0397307 0.005475070 0.000170572
4.0497108 0.005482389 0.000172496
4.0596653 0.005490001 0.000173651
4.0695949 0.005497495 0.000173317
4.0794981 0.005499010 0.000172708
4.0893761 0.005496943 0.000173464
4.0992298 0.005497724 0.000175933
4.1090587 0.005498120 0.000178553
4.1188633 0.005496394 0.000179415
4.1286424 0.005493223 0.000179519
4.1383975 0.005489149 0.000179498
4.1481289 0.005484618 0.000179580
4.1578363 0.005479568 0.000182836
4.1675196 0.005474474 0.000186348
4.1771790 0.005470082 0.000185677
4.1868155 0.005466162 0.000182877
4.1964291 0.005464703 0.000182347
4.2060184 0.005462720 0.000184355
4.2155850 0.005460126 0.000186658
4.2251288 0.005458957 0.000188562
4.2346507 0.005457834 0.000190706
4.2441486 0.005456941 0.000192872
4.2536245 0.005454954 0.000193250
4.2630788 0.005454082 0.000191913
4.2725102 0.005451966 0.000191617
4.2819191 0.005454140 0.000193853
4.2913069 0.005448782 0.000197767
4.3006734 0.005447889 0.000201999
4.3100173 0.005445718 0.000205212
4.3193397 0.005442961 0.000206568
4.3286419 0.005444264 0.000211848
4.3379220 0.005441839 0.000225026
4.3471807 0.005439987 0.000230796
4.3564195 0.005438722 0.000222914
4.3656367 0.005436974 0.000219312
4.3748331 0.005437197 0.000222131
4.3840093 0.005435300 0.000222727
4.3931652 0.005435156 0.000221805
4.4022999 0.005434012 0.000224495
4.4114154 0.005434456 0.000229071
4.4205105 0.005435872 0.000229168
4.4295851 0.005436320 0.000227394
4.4386408 0.005438381 0.000228352
4.4476760 0.005441056 0.000230732
4.4566918 0.005441880 0.000234200
4.4656887 0.005441862 0.000237771
4.4746653 0.005441789 0.000239586
4.4836229 0.005439669 0.000239441
4.4925622 0.005437677 0.000240682
4.5014809 0.005435000 0.000243513
4.5103820 0.005432885 0.000245719
4.5192634 0.005430325 0.000247809
4.5281260 0.005428031 0.000248796
4.5369713 0.005425884 0.000245624
4.5457960 0.005424019 0.000239547
4.5546038 0.005421753 0.000236492
4.5633926 0.005419908 0.000241137
4.5721633 0.005417912 0.000247466
4.5809165 0.005416204 0.000246290
4.5896506 0.005414773 0.000242701
4.5983677 0.005413543 0.000245136
4.6070667 0.005412772 0.000250676
4.6157479 0.005413187 0.000255344
4.6244123 0.005413105 0.000257314
4.6330577 0.005413806 0.000254191
4.6416874 0.005414878 0.000252429
4.6502981 0.005416476 0.000255643
4.6588928 0.005418566 0.000262011
4.6674694 0.005420687 0.000264956
4.6760293 0.005422955 0.000258849
4.6845727 0.005425300 0.000253195
4.6930986 0.005428558 0.000254675
4.7016087 0.005430393 0.000258245
4.7101006 0.005430927 0.000260146
4.7185776 0.005429503 0.000261899
4.7270362 0.005427571 0.000260817
4.7354800 0.005425526 0.000259034
4.7439060 0.005425306 0.000260336
4.7523170 0.005422955 0.000262687
4.7607108 0.005420814 0.000262892
4.7690894 0.005418973 0.000262995
4.7774514 0.005419809 0.000261761
4.7857980 0.005415426 0.000260894
4.7941284 0.005415049 0.000268051
4.8024434 0.005414514 0.000278989
4.8107421 0.005418391 0.000285305
4.8190256 0.005412944 0.000286104
4.8272935 0.005411110 0.000286836
4.8355461 0.005409924 0.000290447
4.8437829 0.005409781 0.000295371
4.8520048 0.005409589 0.000296169
4.8602113 0.005411997 0.000286540
4.8684028 0.005414535 0.000276208
4.8765789 0.005411162 0.000272604
4.8847406 0.005408140 0.000275965
4.8928867 0.005405263 0.000281037
4.9010187 0.005404078 0.000286052
4.9091350 0.005402292 0.000292117
4.9172376 0.005400565 0.000293265
4.9253244 0.005398520 0.000292294
4.9333981 0.005397152 0.000291152
4.9414557 0.005396255 0.000288261
4.9495006 0.005395259 0.000289499
4.9575293 0.005395202 0.000292876
4.9655453 0.005395256 0.000293305
4.9735457 0.005396138 0.000292620
4.9815331 0.005397459 0.000292803
4.9895056 0.005399042 0.000294990
4.9974645 0.005400497 0.000302320
5.0054094 0.005401977 0.000310036
5.0133403 0.005403969 0.000311703
5.0212578 0.005406321 0.000308616
5.0291606 0.005408283 0.000306326
5.0370506 0.005410666 0.000311980
5.0449263 0.005413417 0.000320549
5.0527887 0.005415484 0.000320098
5.0606378 0.005418404 0.000313272
5.0684729 0.005421126 0.000308126
5.0762958 0.005423803 0.000308126
5.0841037 0.005426298 0.000315023
5.0918997 0.005428964 0.000324301
5.0996815 0.005431333 0.000325161
5.1074507 0.005434317 0.000319844
5.1152071 0.005436948 0.000315175
5.1229494 0.005440167 0.000316841
5.1306803 0.005443105 0.000324786
5.1383967 0.005446565 0.000329029
5.1461012 0.005449886 0.000329854
5.1537925 0.005452730 0.000333076
5.1614709 0.005455295 0.000340347
5.1691374 0.005457794 0.000351190
5.1767905 0.005458886 0.000359326
5.1844311 0.005460070 0.000358418
5.1920598 0.005460350 0.000354552
5.1996748 0.005460381 0.000355305
5.2072786 0.005460363 0.000357780
5.2148691 0.005459821 0.000358442
5.2224476 0.005459122 0.000356821
5.2300150 0.005458595 0.000356676
5.2375685 0.005457731 0.000359419
5.2451110 0.005457233 0.000359837
5.2526409 0.005456731 0.000359681
5.2601584 0.005455879 0.000366151
5.2676644 0.005455282 0.000378281
5.2751583 0.005454516 0.000386213
5.2826400 0.005453646 0.000386807
5.2901109 0.005451905 0.000387675
5.2975689 0.005449576 0.000393260
