#     z[km]           P[bar]         T[K]
 1000
   0 -2.000000e+00 1.030490e+02 7.506022e+02 
   1 -1.937938e+00 1.026696e+02 7.501354e+02 
   2 -1.875876e+00 1.022902e+02 7.496686e+02 
   3 -1.813814e+00 1.019108e+02 7.492017e+02 
   4 -1.751752e+00 1.015314e+02 7.487349e+02 
   5 -1.689690e+00 1.011520e+02 7.482680e+02 
   6 -1.627628e+00 1.007725e+02 7.478012e+02 
   7 -1.565566e+00 1.003931e+02 7.473343e+02 
   8 -1.503504e+00 1.000137e+02 7.468675e+02 
   9 -1.441441e+00 9.963429e+01 7.464007e+02 
  10 -1.379379e+00 9.925488e+01 7.459338e+02 
  11 -1.317317e+00 9.887546e+01 7.454670e+02 
  12 -1.255255e+00 9.849604e+01 7.450001e+02 
  13 -1.193193e+00 9.811663e+01 7.445333e+02 
  14 -1.131131e+00 9.773721e+01 7.440664e+02 
  15 -1.069069e+00 9.735779e+01 7.435996e+02 
  16 -1.007007e+00 9.697838e+01 7.431327e+02 
  17 -9.449449e-01 9.659896e+01 7.426659e+02 
  18 -8.828829e-01 9.621955e+01 7.421991e+02 
  19 -8.208208e-01 9.584013e+01 7.417322e+02 
  20 -7.587588e-01 9.546071e+01 7.412654e+02 
  21 -6.966967e-01 9.508130e+01 7.407985e+02 
  22 -6.346346e-01 9.470188e+01 7.403317e+02 
  23 -5.725726e-01 9.432246e+01 7.398648e+02 
  24 -5.105105e-01 9.394305e+01 7.393980e+02 
  25 -4.484484e-01 9.356363e+01 7.389312e+02 
  26 -3.863864e-01 9.318421e+01 7.384643e+02 
  27 -3.243243e-01 9.280480e+01 7.379975e+02 
  28 -2.622623e-01 9.242538e+01 7.375306e+02 
  29 -2.002002e-01 9.204597e+01 7.370638e+02 
  30 -1.381381e-01 9.166655e+01 7.365969e+02 
  31 -7.607608e-02 9.128713e+01 7.361301e+02 
  32 -1.401401e-02 9.090772e+01 7.356633e+02 
  33 4.804805e-02 9.052830e+01 7.351964e+02 
  34 1.101101e-01 9.014888e+01 7.347296e+02 
  35 1.721722e-01 8.976947e+01 7.342627e+02 
  36 2.342342e-01 8.939005e+01 7.337959e+02 
  37 2.962963e-01 8.901064e+01 7.333290e+02 
  38 3.583584e-01 8.863122e+01 7.328622e+02 
  39 4.204204e-01 8.825180e+01 7.323953e+02 
  40 4.824825e-01 8.787239e+01 7.319285e+02 
  41 5.445445e-01 8.749297e+01 7.314617e+02 
  42 6.066066e-01 8.711355e+01 7.309948e+02 
  43 6.686687e-01 8.673414e+01 7.305280e+02 
  44 7.307307e-01 8.635472e+01 7.300611e+02 
  45 7.927928e-01 8.597530e+01 7.295943e+02 
  46 8.548549e-01 8.560338e+01 7.291267e+02 
  47 9.169169e-01 8.524878e+01 7.286573e+02 
  48 9.789790e-01 8.489417e+01 7.281880e+02 
  49 1.041041e+00 8.453957e+01 7.277187e+02 
  50 1.103103e+00 8.418497e+01 7.272493e+02 
  51 1.165165e+00 8.383037e+01 7.267800e+02 
  52 1.227227e+00 8.347576e+01 7.263106e+02 
  53 1.289289e+00 8.312116e+01 7.258413e+02 
  54 1.351351e+00 8.276656e+01 7.253720e+02 
  55 1.413413e+00 8.241195e+01 7.249026e+02 
  56 1.475475e+00 8.205735e+01 7.244333e+02 
  57 1.537538e+00 8.170275e+01 7.239639e+02 
  58 1.599600e+00 8.134815e+01 7.234946e+02 
  59 1.661662e+00 8.099354e+01 7.230253e+02 
  60 1.723724e+00 8.065777e+01 7.225539e+02 
  61 1.785786e+00 8.032587e+01 7.220822e+02 
  62 1.847848e+00 7.999397e+01 7.216104e+02 
  63 1.909910e+00 7.966207e+01 7.211387e+02 
  64 1.971972e+00 7.933017e+01 7.206669e+02 
  65 2.034034e+00 7.899827e+01 7.201952e+02 
  66 2.096096e+00 7.866637e+01 7.197234e+02 
  67 2.158158e+00 7.833447e+01 7.192517e+02 
  68 2.220220e+00 7.800257e+01 7.187799e+02 
  69 2.282282e+00 7.767067e+01 7.183082e+02 
  70 2.344344e+00 7.733877e+01 7.178364e+02 
  71 2.406406e+00 7.700687e+01 7.173647e+02 
  72 2.468468e+00 7.667497e+01 7.168929e+02 
  73 2.530531e+00 7.635050e+01 7.164203e+02 
  74 2.592593e+00 7.603940e+01 7.159463e+02 
  75 2.654655e+00 7.572831e+01 7.154722e+02 
  76 2.716717e+00 7.541721e+01 7.149981e+02 
  77 2.778779e+00 7.510611e+01 7.145241e+02 
  78 2.840841e+00 7.479501e+01 7.140500e+02 
  79 2.902903e+00 7.448391e+01 7.135759e+02 
  80 2.964965e+00 7.417281e+01 7.131018e+02 
  81 3.027027e+00 7.386171e+01 7.126278e+02 
  82 3.089089e+00 7.355062e+01 7.121537e+02 
  83 3.151151e+00 7.323952e+01 7.116796e+02 
  84 3.213213e+00 7.292842e+01 7.112056e+02 
  85 3.275275e+00 7.261732e+01 7.107315e+02 
  86 3.337337e+00 7.230622e+01 7.102574e+02 
  87 3.399399e+00 7.201201e+01 7.097814e+02 
  88 3.461461e+00 7.172000e+01 7.093051e+02 
  89 3.523524e+00 7.142799e+01 7.088288e+02 
  90 3.585586e+00 7.113598e+01 7.083525e+02 
  91 3.647648e+00 7.084397e+01 7.078761e+02 
  92 3.709710e+00 7.055196e+01 7.073998e+02 
  93 3.771772e+00 7.025995e+01 7.069235e+02 
  94 3.833834e+00 6.996794e+01 7.064472e+02 
  95 3.895896e+00 6.967593e+01 7.059709e+02 
  96 3.957958e+00 6.938392e+01 7.054946e+02 
  97 4.020020e+00 6.909191e+01 7.050183e+02 
  98 4.082082e+00 6.879990e+01 7.045420e+02 
  99 4.144144e+00 6.850789e+01 7.040657e+02 
 100 4.206206e+00 6.822311e+01 7.035885e+02 
 101 4.268268e+00 6.794864e+01 7.031101e+02 
 102 4.330330e+00 6.767417e+01 7.026316e+02 
 103 4.392392e+00 6.739970e+01 7.021532e+02 
 104 4.454454e+00 6.712523e+01 7.016747e+02 
 105 4.516517e+00 6.685076e+01 7.011963e+02 
 106 4.578579e+00 6.657629e+01 7.007178e+02 
 107 4.640641e+00 6.630182e+01 7.002394e+02 
 108 4.702703e+00 6.602736e+01 6.997609e+02 
 109 4.764765e+00 6.575289e+01 6.992825e+02 
 110 4.826827e+00 6.547842e+01 6.988040e+02 
 111 4.888889e+00 6.520395e+01 6.983256e+02 
 112 4.950951e+00 6.492948e+01 6.978471e+02 
 113 5.013013e+00 6.465501e+01 6.973687e+02 
 114 5.075075e+00 6.439572e+01 6.968883e+02 
 115 5.137137e+00 6.413739e+01 6.964078e+02 
 116 5.199199e+00 6.387907e+01 6.959272e+02 
 117 5.261261e+00 6.362074e+01 6.954467e+02 
 118 5.323323e+00 6.336242e+01 6.949662e+02 
 119 5.385385e+00 6.310409e+01 6.944857e+02 
 120 5.447447e+00 6.284577e+01 6.940052e+02 
 121 5.509510e+00 6.258744e+01 6.935247e+02 
 122 5.571572e+00 6.232912e+01 6.930442e+02 
 123 5.633634e+00 6.207079e+01 6.925637e+02 
 124 5.695696e+00 6.181247e+01 6.920832e+02 
 125 5.757758e+00 6.155414e+01 6.916027e+02 
 126 5.819820e+00 6.129582e+01 6.911222e+02 
 127 5.881882e+00 6.104446e+01 6.906407e+02 
 128 5.943944e+00 6.080101e+01 6.901582e+02 
 129 6.006006e+00 6.055757e+01 6.896758e+02 
 130 6.068068e+00 6.031412e+01 6.891933e+02 
 131 6.130130e+00 6.007068e+01 6.887108e+02 
 132 6.192192e+00 5.982724e+01 6.882283e+02 
 133 6.254254e+00 5.958379e+01 6.877458e+02 
 134 6.316316e+00 5.934035e+01 6.872634e+02 
 135 6.378378e+00 5.909691e+01 6.867809e+02 
 136 6.440440e+00 5.885346e+01 6.862984e+02 
 137 6.502503e+00 5.861002e+01 6.858159e+02 
 138 6.564565e+00 5.836658e+01 6.853334e+02 
 139 6.626627e+00 5.812313e+01 6.848510e+02 
 140 6.688689e+00 5.787969e+01 6.843685e+02 
 141 6.750751e+00 5.764993e+01 6.838841e+02 
 142 6.812813e+00 5.742022e+01 6.833998e+02 
 143 6.874875e+00 5.719052e+01 6.829154e+02 
 144 6.936937e+00 5.696081e+01 6.824310e+02 
 145 6.998999e+00 5.673111e+01 6.819467e+02 
 146 7.061061e+00 5.650141e+01 6.814623e+02 
 147 7.123123e+00 5.627170e+01 6.809780e+02 
 148 7.185185e+00 5.604200e+01 6.804936e+02 
 149 7.247247e+00 5.581230e+01 6.800092e+02 
 150 7.309309e+00 5.558259e+01 6.795249e+02 
 151 7.371371e+00 5.535289e+01 6.790405e+02 
 152 7.433433e+00 5.512318e+01 6.785561e+02 
 153 7.495495e+00 5.489348e+01 6.780718e+02 
 154 7.557558e+00 5.467042e+01 6.775865e+02 
 155 7.619620e+00 5.445343e+01 6.771003e+02 
 156 7.681682e+00 5.423643e+01 6.766142e+02 
 157 7.743744e+00 5.401943e+01 6.761280e+02 
 158 7.805806e+00 5.380243e+01 6.756418e+02 
 159 7.867868e+00 5.358543e+01 6.751557e+02 
 160 7.929930e+00 5.336843e+01 6.746695e+02 
 161 7.991992e+00 5.315143e+01 6.741834e+02 
 162 8.054054e+00 5.293444e+01 6.736972e+02 
 163 8.116116e+00 5.271744e+01 6.732111e+02 
 164 8.178178e+00 5.250044e+01 6.727249e+02 
 165 8.240240e+00 5.228344e+01 6.722387e+02 
 166 8.302302e+00 5.206644e+01 6.717526e+02 
 167 8.364364e+00 5.185004e+01 6.712663e+02 
 168 8.426426e+00 5.164481e+01 6.707785e+02 
 169 8.488488e+00 5.143958e+01 6.702906e+02 
 170 8.550551e+00 5.123435e+01 6.698027e+02 
 171 8.612613e+00 5.102912e+01 6.693149e+02 
 172 8.674675e+00 5.082389e+01 6.688270e+02 
 173 8.736737e+00 5.061866e+01 6.683391e+02 
 174 8.798799e+00 5.041343e+01 6.678513e+02 
 175 8.860861e+00 5.020820e+01 6.673634e+02 
 176 8.922923e+00 5.000297e+01 6.668755e+02 
 177 8.984985e+00 4.979774e+01 6.663877e+02 
 178 9.047047e+00 4.959251e+01 6.658998e+02 
 179 9.109109e+00 4.938728e+01 6.654119e+02 
 180 9.171171e+00 4.918205e+01 6.649241e+02 
 181 9.233233e+00 4.898314e+01 6.644353e+02 
 182 9.295295e+00 4.878883e+01 6.639458e+02 
 183 9.357357e+00 4.859452e+01 6.634563e+02 
 184 9.419419e+00 4.840021e+01 6.629668e+02 
 185 9.481481e+00 4.820590e+01 6.624773e+02 
 186 9.543544e+00 4.801159e+01 6.619879e+02 
 187 9.605606e+00 4.781728e+01 6.614984e+02 
 188 9.667668e+00 4.762297e+01 6.610089e+02 
 189 9.729730e+00 4.742866e+01 6.605194e+02 
 190 9.791792e+00 4.723435e+01 6.600299e+02 
 191 9.853854e+00 4.704004e+01 6.595404e+02 
 192 9.915916e+00 4.684573e+01 6.590509e+02 
 193 9.977978e+00 4.665142e+01 6.585615e+02 
 194 1.004004e+01 4.645818e+01 6.580718e+02 
 195 1.010210e+01 4.627402e+01 6.575808e+02 
 196 1.016416e+01 4.608986e+01 6.570898e+02 
 197 1.022623e+01 4.590570e+01 6.565988e+02 
 198 1.028829e+01 4.572154e+01 6.561077e+02 
 199 1.035035e+01 4.553738e+01 6.556167e+02 
 200 1.041241e+01 4.535322e+01 6.551257e+02 
 201 1.047447e+01 4.516906e+01 6.546347e+02 
 202 1.053654e+01 4.498490e+01 6.541437e+02 
 203 1.059860e+01 4.480074e+01 6.536527e+02 
 204 1.066066e+01 4.461657e+01 6.531616e+02 
 205 1.072272e+01 4.443241e+01 6.526706e+02 
 206 1.078478e+01 4.424825e+01 6.521796e+02 
 207 1.084685e+01 4.406409e+01 6.516886e+02 
 208 1.090891e+01 4.388592e+01 6.511967e+02 
 209 1.097097e+01 4.371121e+01 6.507042e+02 
 210 1.103303e+01 4.353650e+01 6.502117e+02 
 211 1.109510e+01 4.336179e+01 6.497193e+02 
 212 1.115716e+01 4.318708e+01 6.492268e+02 
 213 1.121922e+01 4.301237e+01 6.487344e+02 
 214 1.128128e+01 4.283766e+01 6.482419e+02 
 215 1.134334e+01 4.266295e+01 6.477494e+02 
 216 1.140541e+01 4.248824e+01 6.472570e+02 
 217 1.146747e+01 4.231353e+01 6.467645e+02 
 218 1.152953e+01 4.213882e+01 6.462720e+02 
 219 1.159159e+01 4.196411e+01 6.457796e+02 
 220 1.165365e+01 4.178940e+01 6.452871e+02 
 221 1.171572e+01 4.161612e+01 6.447944e+02 
 222 1.177778e+01 4.145022e+01 6.443006e+02 
 223 1.183984e+01 4.128433e+01 6.438068e+02 
 224 1.190190e+01 4.111843e+01 6.433130e+02 
 225 1.196396e+01 4.095254e+01 6.428192e+02 
 226 1.202603e+01 4.078665e+01 6.423254e+02 
 227 1.208809e+01 4.062075e+01 6.418315e+02 
 228 1.215015e+01 4.045486e+01 6.413377e+02 
 229 1.221221e+01 4.028897e+01 6.408439e+02 
 230 1.227427e+01 4.012307e+01 6.403501e+02 
 231 1.233634e+01 3.995718e+01 6.398563e+02 
 232 1.239840e+01 3.979129e+01 6.393625e+02 
 233 1.246046e+01 3.962539e+01 6.388686e+02 
 234 1.252252e+01 3.945950e+01 6.383748e+02 
 235 1.258458e+01 3.929929e+01 6.378801e+02 
 236 1.264665e+01 3.914163e+01 6.373850e+02 
 237 1.270871e+01 3.898398e+01 6.368900e+02 
 238 1.277077e+01 3.882633e+01 6.363949e+02 
 239 1.283283e+01 3.866868e+01 6.358998e+02 
 240 1.289489e+01 3.851102e+01 6.354047e+02 
 241 1.295696e+01 3.835337e+01 6.349096e+02 
 242 1.301902e+01 3.819572e+01 6.344145e+02 
 243 1.308108e+01 3.803807e+01 6.339194e+02 
 244 1.314314e+01 3.788041e+01 6.334243e+02 
 245 1.320521e+01 3.772276e+01 6.329293e+02 
 246 1.326727e+01 3.756511e+01 6.324342e+02 
 247 1.332933e+01 3.740746e+01 6.319391e+02 
 248 1.339139e+01 3.725148e+01 6.314437e+02 
 249 1.345345e+01 3.710154e+01 6.309475e+02 
 250 1.351552e+01 3.695161e+01 6.304512e+02 
 251 1.357758e+01 3.680167e+01 6.299549e+02 
 252 1.363964e+01 3.665174e+01 6.294587e+02 
 253 1.370170e+01 3.650180e+01 6.289624e+02 
 254 1.376376e+01 3.635187e+01 6.284661e+02 
 255 1.382583e+01 3.620193e+01 6.279699e+02 
 256 1.388789e+01 3.605200e+01 6.274736e+02 
 257 1.394995e+01 3.590206e+01 6.269773e+02 
 258 1.401201e+01 3.575213e+01 6.264811e+02 
 259 1.407407e+01 3.560219e+01 6.259848e+02 
 260 1.413614e+01 3.545226e+01 6.254885e+02 
 261 1.419820e+01 3.530232e+01 6.249923e+02 
 262 1.426026e+01 3.515778e+01 6.244952e+02 
 263 1.432232e+01 3.501509e+01 6.239978e+02 
 264 1.438438e+01 3.487239e+01 6.235005e+02 
 265 1.444645e+01 3.472970e+01 6.230031e+02 
 266 1.450851e+01 3.458701e+01 6.225057e+02 
 267 1.457057e+01 3.444431e+01 6.220084e+02 
 268 1.463263e+01 3.430162e+01 6.215110e+02 
 269 1.469469e+01 3.415893e+01 6.210137e+02 
 270 1.475676e+01 3.401624e+01 6.205163e+02 
 271 1.481882e+01 3.387354e+01 6.200189e+02 
 272 1.488088e+01 3.373085e+01 6.195216e+02 
 273 1.494294e+01 3.358816e+01 6.190242e+02 
 274 1.500501e+01 3.344546e+01 6.185269e+02 
 275 1.506707e+01 3.330463e+01 6.180292e+02 
 276 1.512913e+01 3.316874e+01 6.175309e+02 
 277 1.519119e+01 3.303286e+01 6.170325e+02 
 278 1.525325e+01 3.289698e+01 6.165341e+02 
 279 1.531532e+01 3.276109e+01 6.160358e+02 
 280 1.537738e+01 3.262521e+01 6.155374e+02 
 281 1.543944e+01 3.248933e+01 6.150390e+02 
 282 1.550150e+01 3.235344e+01 6.145407e+02 
 283 1.556356e+01 3.221756e+01 6.140423e+02 
 284 1.562563e+01 3.208168e+01 6.135439e+02 
 285 1.568769e+01 3.194580e+01 6.130456e+02 
 286 1.574975e+01 3.180991e+01 6.125472e+02 
 287 1.581181e+01 3.167403e+01 6.120488e+02 
 288 1.587387e+01 3.153815e+01 6.115505e+02 
 289 1.593594e+01 3.140740e+01 6.110514e+02 
 290 1.599800e+01 3.127793e+01 6.105521e+02 
 291 1.606006e+01 3.114846e+01 6.100528e+02 
 292 1.612212e+01 3.101900e+01 6.095535e+02 
 293 1.618418e+01 3.088953e+01 6.090542e+02 
 294 1.624625e+01 3.076007e+01 6.085549e+02 
 295 1.630831e+01 3.063060e+01 6.080557e+02 
 296 1.637037e+01 3.050113e+01 6.075564e+02 
 297 1.643243e+01 3.037167e+01 6.070571e+02 
 298 1.649449e+01 3.024220e+01 6.065578e+02 
 299 1.655656e+01 3.011273e+01 6.060585e+02 
 300 1.661862e+01 2.998327e+01 6.055592e+02 
 301 1.668068e+01 2.985380e+01 6.050599e+02 
 302 1.674274e+01 2.972632e+01 6.045604e+02 
 303 1.680480e+01 2.960291e+01 6.040603e+02 
 304 1.686687e+01 2.947951e+01 6.035602e+02 
 305 1.692893e+01 2.935610e+01 6.030601e+02 
 306 1.699099e+01 2.923269e+01 6.025599e+02 
 307 1.705305e+01 2.910928e+01 6.020598e+02 
 308 1.711512e+01 2.898588e+01 6.015597e+02 
 309 1.717718e+01 2.886247e+01 6.010596e+02 
 310 1.723924e+01 2.873906e+01 6.005595e+02 
 311 1.730130e+01 2.861566e+01 6.000594e+02 
 312 1.736336e+01 2.849225e+01 5.995593e+02 
 313 1.742543e+01 2.836884e+01 5.990591e+02 
 314 1.748749e+01 2.824543e+01 5.985590e+02 
 315 1.754955e+01 2.812203e+01 5.980589e+02 
 316 1.761161e+01 2.800352e+01 5.975582e+02 
 317 1.767367e+01 2.788585e+01 5.970573e+02 
 318 1.773574e+01 2.776818e+01 5.965564e+02 
 319 1.779780e+01 2.765050e+01 5.960556e+02 
 320 1.785986e+01 2.753283e+01 5.955547e+02 
 321 1.792192e+01 2.741515e+01 5.950539e+02 
 322 1.798398e+01 2.729748e+01 5.945530e+02 
 323 1.804605e+01 2.717980e+01 5.940522e+02 
 324 1.810811e+01 2.706213e+01 5.935513e+02 
 325 1.817017e+01 2.694446e+01 5.930504e+02 
 326 1.823223e+01 2.682678e+01 5.925496e+02 
 327 1.829429e+01 2.670911e+01 5.920487e+02 
 328 1.835636e+01 2.659143e+01 5.915479e+02 
 329 1.841842e+01 2.647584e+01 5.910468e+02 
 330 1.848048e+01 2.636360e+01 5.905453e+02 
 331 1.854254e+01 2.625137e+01 5.900437e+02 
 332 1.860460e+01 2.613913e+01 5.895422e+02 
 333 1.866667e+01 2.602689e+01 5.890407e+02 
 334 1.872873e+01 2.591465e+01 5.885392e+02 
 335 1.879079e+01 2.580242e+01 5.880377e+02 
 336 1.885285e+01 2.569018e+01 5.875362e+02 
 337 1.891491e+01 2.557794e+01 5.870347e+02 
 338 1.897698e+01 2.546570e+01 5.865332e+02 
 339 1.903904e+01 2.535346e+01 5.860317e+02 
 340 1.910110e+01 2.524123e+01 5.855301e+02 
 341 1.916316e+01 2.512899e+01 5.850286e+02 
 342 1.922523e+01 2.501675e+01 5.845271e+02 
 343 1.928729e+01 2.490922e+01 5.840251e+02 
 344 1.934935e+01 2.480215e+01 5.835230e+02 
 345 1.941141e+01 2.469507e+01 5.830209e+02 
 346 1.947347e+01 2.458800e+01 5.825189e+02 
 347 1.953554e+01 2.448093e+01 5.820168e+02 
 348 1.959760e+01 2.437386e+01 5.815147e+02 
 349 1.965966e+01 2.426678e+01 5.810126e+02 
 350 1.972172e+01 2.415971e+01 5.805105e+02 
 351 1.978378e+01 2.405264e+01 5.800085e+02 
 352 1.984585e+01 2.394557e+01 5.795064e+02 
 353 1.990791e+01 2.383850e+01 5.790043e+02 
 354 1.996997e+01 2.373142e+01 5.785022e+02 
 355 2.003203e+01 2.362435e+01 5.780002e+02 
 356 2.009409e+01 2.351943e+01 5.774979e+02 
 357 2.015616e+01 2.341728e+01 5.769953e+02 
 358 2.021822e+01 2.331513e+01 5.764928e+02 
 359 2.028028e+01 2.321297e+01 5.759902e+02 
 360 2.034234e+01 2.311082e+01 5.754876e+02 
 361 2.040440e+01 2.300867e+01 5.749851e+02 
 362 2.046647e+01 2.290651e+01 5.744825e+02 
 363 2.052853e+01 2.280436e+01 5.739800e+02 
 364 2.059059e+01 2.270220e+01 5.734774e+02 
 365 2.065265e+01 2.260005e+01 5.729749e+02 
 366 2.071471e+01 2.249790e+01 5.724723e+02 
 367 2.077678e+01 2.239574e+01 5.719697e+02 
 368 2.083884e+01 2.229359e+01 5.714672e+02 
 369 2.090090e+01 2.219143e+01 5.709646e+02 
 370 2.096296e+01 2.209381e+01 5.704617e+02 
 371 2.102503e+01 2.199635e+01 5.699587e+02 
 372 2.108709e+01 2.189889e+01 5.694558e+02 
 373 2.114915e+01 2.180143e+01 5.689528e+02 
 374 2.121121e+01 2.170397e+01 5.684499e+02 
 375 2.127327e+01 2.160650e+01 5.679469e+02 
 376 2.133534e+01 2.150904e+01 5.674440e+02 
 377 2.139740e+01 2.141158e+01 5.669410e+02 
 378 2.145946e+01 2.131412e+01 5.664381e+02 
 379 2.152152e+01 2.121666e+01 5.659351e+02 
 380 2.158358e+01 2.111920e+01 5.654322e+02 
 381 2.164565e+01 2.102173e+01 5.649292e+02 
 382 2.170771e+01 2.092427e+01 5.644263e+02 
 383 2.176977e+01 2.082902e+01 5.639232e+02 
 384 2.183183e+01 2.073605e+01 5.634199e+02 
 385 2.189389e+01 2.064307e+01 5.629167e+02 
 386 2.195596e+01 2.055009e+01 5.624134e+02 
 387 2.201802e+01 2.045712e+01 5.619102e+02 
 388 2.208008e+01 2.036414e+01 5.614069e+02 
 389 2.214214e+01 2.027116e+01 5.609037e+02 
 390 2.220420e+01 2.017819e+01 5.604004e+02 
 391 2.226627e+01 2.008521e+01 5.598972e+02 
 392 2.232833e+01 1.999223e+01 5.593939e+02 
 393 2.239039e+01 1.989926e+01 5.588907e+02 
 394 2.245245e+01 1.980628e+01 5.583874e+02 
 395 2.251451e+01 1.971330e+01 5.578842e+02 
 396 2.257658e+01 1.962042e+01 5.573809e+02 
 397 2.263864e+01 1.953174e+01 5.568774e+02 
 398 2.270070e+01 1.944306e+01 5.563740e+02 
 399 2.276276e+01 1.935437e+01 5.558705e+02 
 400 2.282482e+01 1.926569e+01 5.553670e+02 
 401 2.288689e+01 1.917701e+01 5.548636e+02 
 402 2.294895e+01 1.908833e+01 5.543601e+02 
 403 2.301101e+01 1.899965e+01 5.538566e+02 
 404 2.307307e+01 1.891097e+01 5.533532e+02 
 405 2.313514e+01 1.882228e+01 5.528497e+02 
 406 2.319720e+01 1.873360e+01 5.523462e+02 
 407 2.325926e+01 1.864492e+01 5.518428e+02 
 408 2.332132e+01 1.855624e+01 5.513393e+02 
 409 2.338338e+01 1.846756e+01 5.508358e+02 
 410 2.344545e+01 1.838114e+01 5.503323e+02 
 411 2.350751e+01 1.829658e+01 5.498287e+02 
 412 2.356957e+01 1.821201e+01 5.493251e+02 
 413 2.363163e+01 1.812745e+01 5.488215e+02 
 414 2.369369e+01 1.804289e+01 5.483179e+02 
 415 2.375576e+01 1.795833e+01 5.478143e+02 
 416 2.381782e+01 1.787377e+01 5.473107e+02 
 417 2.387988e+01 1.778921e+01 5.468071e+02 
 418 2.394194e+01 1.770464e+01 5.463035e+02 
 419 2.400400e+01 1.762008e+01 5.457999e+02 
 420 2.406607e+01 1.753552e+01 5.452963e+02 
 421 2.412813e+01 1.745096e+01 5.447927e+02 
 422 2.419019e+01 1.736640e+01 5.442891e+02 
 423 2.425225e+01 1.728214e+01 5.437855e+02 
 424 2.431431e+01 1.720154e+01 5.432819e+02 
 425 2.437638e+01 1.712093e+01 5.427782e+02 
 426 2.443844e+01 1.704033e+01 5.422746e+02 
 427 2.450050e+01 1.695973e+01 5.417710e+02 
 428 2.456256e+01 1.687912e+01 5.412673e+02 
 429 2.462462e+01 1.679852e+01 5.407637e+02 
 430 2.468669e+01 1.671792e+01 5.402600e+02 
 431 2.474875e+01 1.663731e+01 5.397564e+02 
 432 2.481081e+01 1.655671e+01 5.392528e+02 
 433 2.487287e+01 1.647611e+01 5.387491e+02 
 434 2.493493e+01 1.639550e+01 5.382455e+02 
 435 2.499700e+01 1.631490e+01 5.377419e+02 
 436 2.505906e+01 1.623430e+01 5.372382e+02 
 437 2.512112e+01 1.615600e+01 5.367346e+02 
 438 2.518318e+01 1.607920e+01 5.362310e+02 
 439 2.524525e+01 1.600241e+01 5.357274e+02 
 440 2.530731e+01 1.592561e+01 5.352238e+02 
 441 2.536937e+01 1.584882e+01 5.347202e+02 
 442 2.543143e+01 1.577203e+01 5.342167e+02 
 443 2.549349e+01 1.569523e+01 5.337131e+02 
 444 2.555556e+01 1.561844e+01 5.332095e+02 
 445 2.561762e+01 1.554164e+01 5.327059e+02 
 446 2.567968e+01 1.546485e+01 5.322023e+02 
 447 2.574174e+01 1.538805e+01 5.316987e+02 
 448 2.580380e+01 1.531126e+01 5.311951e+02 
 449 2.586587e+01 1.523447e+01 5.306915e+02 
 450 2.592793e+01 1.515816e+01 5.301880e+02 
 451 2.598999e+01 1.508503e+01 5.296845e+02 
 452 2.605205e+01 1.501191e+01 5.291810e+02 
 453 2.611411e+01 1.493878e+01 5.286776e+02 
 454 2.617618e+01 1.486566e+01 5.281741e+02 
 455 2.623824e+01 1.479253e+01 5.276707e+02 
 456 2.630030e+01 1.471941e+01 5.271672e+02 
 457 2.636236e+01 1.464629e+01 5.266638e+02 
 458 2.642442e+01 1.457316e+01 5.261603e+02 
 459 2.648649e+01 1.450004e+01 5.256569e+02 
 460 2.654855e+01 1.442691e+01 5.251534e+02 
 461 2.661061e+01 1.435379e+01 5.246499e+02 
 462 2.667267e+01 1.428066e+01 5.241465e+02 
 463 2.673473e+01 1.420754e+01 5.236430e+02 
 464 2.679680e+01 1.413675e+01 5.231397e+02 
 465 2.685886e+01 1.406716e+01 5.226365e+02 
 466 2.692092e+01 1.399758e+01 5.221333e+02 
 467 2.698298e+01 1.392800e+01 5.216300e+02 
 468 2.704505e+01 1.385841e+01 5.211268e+02 
 469 2.710711e+01 1.378883e+01 5.206236e+02 
 470 2.716917e+01 1.371924e+01 5.201203e+02 
 471 2.723123e+01 1.364966e+01 5.196171e+02 
 472 2.729329e+01 1.358007e+01 5.191139e+02 
 473 2.735536e+01 1.351049e+01 5.186106e+02 
 474 2.741742e+01 1.344090e+01 5.181074e+02 
 475 2.747948e+01 1.337132e+01 5.176042e+02 
 476 2.754154e+01 1.330173e+01 5.171009e+02 
 477 2.760360e+01 1.323279e+01 5.165978e+02 
 478 2.766567e+01 1.316662e+01 5.160948e+02 
 479 2.772773e+01 1.310046e+01 5.155919e+02 
 480 2.778979e+01 1.303429e+01 5.150890e+02 
 481 2.785185e+01 1.296812e+01 5.145861e+02 
 482 2.791391e+01 1.290196e+01 5.140831e+02 
 483 2.797598e+01 1.283579e+01 5.135802e+02 
 484 2.803804e+01 1.276962e+01 5.130773e+02 
 485 2.810010e+01 1.270345e+01 5.125744e+02 
 486 2.816216e+01 1.263729e+01 5.120714e+02 
 487 2.822422e+01 1.257112e+01 5.115685e+02 
 488 2.828629e+01 1.250495e+01 5.110656e+02 
 489 2.834835e+01 1.243879e+01 5.105627e+02 
 490 2.841041e+01 1.237262e+01 5.100598e+02 
 491 2.847247e+01 1.230882e+01 5.095571e+02 
 492 2.853453e+01 1.224595e+01 5.090546e+02 
 493 2.859660e+01 1.218309e+01 5.085521e+02 
 494 2.865866e+01 1.212022e+01 5.080495e+02 
 495 2.872072e+01 1.205736e+01 5.075470e+02 
 496 2.878278e+01 1.199449e+01 5.070445e+02 
 497 2.884484e+01 1.193163e+01 5.065420e+02 
 498 2.890691e+01 1.186877e+01 5.060394e+02 
 499 2.896897e+01 1.180590e+01 5.055369e+02 
 500 2.903103e+01 1.174304e+01 5.050344e+02 
 501 2.909309e+01 1.168017e+01 5.045319e+02 
 502 2.915516e+01 1.161731e+01 5.040293e+02 
 503 2.921722e+01 1.155444e+01 5.035268e+02 
 504 2.927928e+01 1.149236e+01 5.030244e+02 
 505 2.934134e+01 1.143268e+01 5.025224e+02 
 506 2.940340e+01 1.137301e+01 5.020203e+02 
 507 2.946547e+01 1.131334e+01 5.015183e+02 
 508 2.952753e+01 1.125367e+01 5.010163e+02 
 509 2.958959e+01 1.119400e+01 5.005142e+02 
 510 2.965165e+01 1.113433e+01 5.000122e+02 
 511 2.971371e+01 1.107466e+01 4.995101e+02 
 512 2.977578e+01 1.101499e+01 4.990081e+02 
 513 2.983784e+01 1.095532e+01 4.985061e+02 
 514 2.989990e+01 1.089565e+01 4.980040e+02 
 515 2.996196e+01 1.083597e+01 4.975020e+02 
 516 3.002402e+01 1.077630e+01 4.970000e+02 
 517 3.008609e+01 1.071663e+01 4.964979e+02 
 518 3.014815e+01 1.065934e+01 4.959963e+02 
 519 3.021021e+01 1.060276e+01 4.954948e+02 
 520 3.027227e+01 1.054618e+01 4.949934e+02 
 521 3.033433e+01 1.048960e+01 4.944919e+02 
 522 3.039640e+01 1.043301e+01 4.939905e+02 
 523 3.045846e+01 1.037643e+01 4.934890e+02 
 524 3.052052e+01 1.031985e+01 4.929875e+02 
 525 3.058258e+01 1.026327e+01 4.924861e+02 
 526 3.064464e+01 1.020668e+01 4.919846e+02 
 527 3.070671e+01 1.015010e+01 4.914831e+02 
 528 3.076877e+01 1.009352e+01 4.909817e+02 
 529 3.083083e+01 1.003694e+01 4.904802e+02 
 530 3.089289e+01 9.980356e+00 4.899787e+02 
 531 3.095495e+01 9.924665e+00 4.894775e+02 
 532 3.101702e+01 9.871071e+00 4.889767e+02 
 533 3.107908e+01 9.817477e+00 4.884759e+02 
 534 3.114114e+01 9.763884e+00 4.879751e+02 
 535 3.120320e+01 9.710290e+00 4.874742e+02 
 536 3.126527e+01 9.656696e+00 4.869734e+02 
 537 3.132733e+01 9.603103e+00 4.864726e+02 
 538 3.138939e+01 9.549509e+00 4.859718e+02 
 539 3.145145e+01 9.495915e+00 4.854710e+02 
 540 3.151351e+01 9.442322e+00 4.849702e+02 
 541 3.157558e+01 9.388728e+00 4.844694e+02 
 542 3.163764e+01 9.335134e+00 4.839686e+02 
 543 3.169970e+01 9.281541e+00 4.834678e+02 
 544 3.176176e+01 9.227947e+00 4.829670e+02 
 545 3.182382e+01 9.176741e+00 4.824668e+02 
 546 3.188589e+01 9.126039e+00 4.819668e+02 
 547 3.194795e+01 9.075337e+00 4.814667e+02 
 548 3.201001e+01 9.024635e+00 4.809667e+02 
 549 3.207207e+01 8.973932e+00 4.804666e+02 
 550 3.213413e+01 8.923230e+00 4.799665e+02 
 551 3.219620e+01 8.872528e+00 4.794665e+02 
 552 3.225826e+01 8.821826e+00 4.789664e+02 
 553 3.232032e+01 8.771124e+00 4.784664e+02 
 554 3.238238e+01 8.720422e+00 4.779663e+02 
 555 3.244444e+01 8.669719e+00 4.774663e+02 
 556 3.250651e+01 8.619017e+00 4.769662e+02 
 557 3.256857e+01 8.568315e+00 4.764662e+02 
 558 3.263063e+01 8.518602e+00 4.759664e+02 
 559 3.269269e+01 8.470697e+00 4.754672e+02 
 560 3.275475e+01 8.422792e+00 4.749680e+02 
 561 3.281682e+01 8.374887e+00 4.744687e+02 
 562 3.287888e+01 8.326982e+00 4.739695e+02 
 563 3.294094e+01 8.279077e+00 4.734703e+02 
 564 3.300300e+01 8.231172e+00 4.729711e+02 
 565 3.306507e+01 8.183267e+00 4.724719e+02 
 566 3.312713e+01 8.135362e+00 4.719727e+02 
 567 3.318919e+01 8.087457e+00 4.714734e+02 
 568 3.325125e+01 8.039552e+00 4.709742e+02 
 569 3.331331e+01 7.991647e+00 4.704750e+02 
 570 3.337538e+01 7.943742e+00 4.699758e+02 
 571 3.343744e+01 7.895837e+00 4.694766e+02 
 572 3.349950e+01 7.850315e+00 4.689782e+02 
 573 3.356156e+01 7.805115e+00 4.684799e+02 
 574 3.362362e+01 7.759915e+00 4.679816e+02 
 575 3.368569e+01 7.714715e+00 4.674833e+02 
 576 3.374775e+01 7.669515e+00 4.669850e+02 
 577 3.380981e+01 7.624315e+00 4.664867e+02 
 578 3.387187e+01 7.579115e+00 4.659884e+02 
 579 3.393393e+01 7.533916e+00 4.654901e+02 
 580 3.399600e+01 7.488716e+00 4.649918e+02 
 581 3.405806e+01 7.443516e+00 4.644935e+02 
 582 3.412012e+01 7.398316e+00 4.639952e+02 
 583 3.418218e+01 7.353116e+00 4.634969e+02 
 584 3.424424e+01 7.307916e+00 4.629986e+02 
 585 3.430631e+01 7.263785e+00 4.625008e+02 
 586 3.436837e+01 7.221199e+00 4.620035e+02 
 587 3.443043e+01 7.178614e+00 4.615062e+02 
 588 3.449249e+01 7.136028e+00 4.610089e+02 
 589 3.455455e+01 7.093443e+00 4.605116e+02 
 590 3.461662e+01 7.050857e+00 4.600143e+02 
 591 3.467868e+01 7.008272e+00 4.595171e+02 
 592 3.474074e+01 6.965686e+00 4.590198e+02 
 593 3.480280e+01 6.923101e+00 4.585225e+02 
 594 3.486486e+01 6.880516e+00 4.580252e+02 
 595 3.492693e+01 6.837930e+00 4.575279e+02 
 596 3.498899e+01 6.795345e+00 4.570307e+02 
 597 3.505105e+01 6.752759e+00 4.565334e+02 
 598 3.511311e+01 6.710174e+00 4.560361e+02 
 599 3.517518e+01 6.669953e+00 4.555398e+02 
 600 3.523724e+01 6.629893e+00 4.550437e+02 
 601 3.529930e+01 6.589833e+00 4.545475e+02 
 602 3.536136e+01 6.549772e+00 4.540513e+02 
 603 3.542342e+01 6.509712e+00 4.535551e+02 
 604 3.548549e+01 6.469652e+00 4.530589e+02 
 605 3.554755e+01 6.429591e+00 4.525627e+02 
 606 3.560961e+01 6.389531e+00 4.520666e+02 
 607 3.567167e+01 6.349471e+00 4.515704e+02 
 608 3.573373e+01 6.309411e+00 4.510742e+02 
 609 3.579580e+01 6.269350e+00 4.505780e+02 
 610 3.585786e+01 6.229290e+00 4.500818e+02 
 611 3.591992e+01 6.189230e+00 4.495857e+02 
 612 3.598198e+01 6.150301e+00 4.490900e+02 
 613 3.604404e+01 6.112677e+00 4.485950e+02 
 614 3.610611e+01 6.075054e+00 4.481000e+02 
 615 3.616817e+01 6.037430e+00 4.476050e+02 
 616 3.623023e+01 5.999807e+00 4.471100e+02 
 617 3.629229e+01 5.962183e+00 4.466151e+02 
 618 3.635435e+01 5.924560e+00 4.461201e+02 
 619 3.641642e+01 5.886936e+00 4.456251e+02 
 620 3.647848e+01 5.849313e+00 4.451301e+02 
 621 3.654054e+01 5.811689e+00 4.446351e+02 
 622 3.660260e+01 5.774066e+00 4.441401e+02 
 623 3.666466e+01 5.736442e+00 4.436451e+02 
 624 3.672673e+01 5.698819e+00 4.431501e+02 
 625 3.678879e+01 5.661195e+00 4.426551e+02 
 626 3.685085e+01 5.625901e+00 4.421614e+02 
 627 3.691291e+01 5.590627e+00 4.416677e+02 
 628 3.697497e+01 5.555352e+00 4.411739e+02 
 629 3.703704e+01 5.520077e+00 4.406802e+02 
 630 3.709910e+01 5.484803e+00 4.401865e+02 
 631 3.716116e+01 5.449528e+00 4.396928e+02 
 632 3.722322e+01 5.414254e+00 4.391991e+02 
 633 3.728529e+01 5.378979e+00 4.387053e+02 
 634 3.734735e+01 5.343704e+00 4.382116e+02 
 635 3.740941e+01 5.308430e+00 4.377179e+02 
 636 3.747147e+01 5.273155e+00 4.372242e+02 
 637 3.753353e+01 5.237881e+00 4.367305e+02 
 638 3.759560e+01 5.202606e+00 4.362367e+02 
 639 3.765766e+01 5.168506e+00 4.357437e+02 
 640 3.771972e+01 5.135493e+00 4.352514e+02 
 641 3.778178e+01 5.102480e+00 4.347590e+02 
 642 3.784384e+01 5.069467e+00 4.342667e+02 
 643 3.790591e+01 5.036454e+00 4.337743e+02 
 644 3.796797e+01 5.003440e+00 4.332820e+02 
 645 3.803003e+01 4.970427e+00 4.327896e+02 
 646 3.809209e+01 4.937414e+00 4.322972e+02 
 647 3.815415e+01 4.904401e+00 4.318049e+02 
 648 3.821622e+01 4.871388e+00 4.313125e+02 
 649 3.827828e+01 4.838375e+00 4.308202e+02 
 650 3.834034e+01 4.805361e+00 4.303278e+02 
 651 3.840240e+01 4.772348e+00 4.298355e+02 
 652 3.846446e+01 4.739438e+00 4.293432e+02 
 653 3.852653e+01 4.708599e+00 4.288523e+02 
 654 3.858859e+01 4.677760e+00 4.283614e+02 
 655 3.865065e+01 4.646921e+00 4.278705e+02 
 656 3.871271e+01 4.616082e+00 4.273796e+02 
 657 3.877477e+01 4.585243e+00 4.268886e+02 
 658 3.883684e+01 4.554404e+00 4.263977e+02 
 659 3.889890e+01 4.523565e+00 4.259068e+02 
 660 3.896096e+01 4.492726e+00 4.254159e+02 
 661 3.902302e+01 4.461887e+00 4.249250e+02 
 662 3.908509e+01 4.431048e+00 4.244341e+02 
 663 3.914715e+01 4.400209e+00 4.239432e+02 
 664 3.920921e+01 4.369370e+00 4.234523e+02 
 665 3.927127e+01 4.338531e+00 4.229614e+02 
 666 3.933333e+01 4.308892e+00 4.224714e+02 
 667 3.939540e+01 4.280140e+00 4.219820e+02 
 668 3.945746e+01 4.251388e+00 4.214927e+02 
 669 3.951952e+01 4.222637e+00 4.210033e+02 
 670 3.958158e+01 4.193885e+00 4.205139e+02 
 671 3.964364e+01 4.165133e+00 4.200246e+02 
 672 3.970571e+01 4.136381e+00 4.195352e+02 
 673 3.976777e+01 4.107629e+00 4.190458e+02 
 674 3.982983e+01 4.078877e+00 4.185565e+02 
 675 3.989189e+01 4.050126e+00 4.180671e+02 
 676 3.995395e+01 4.021374e+00 4.175777e+02 
 677 4.001602e+01 3.992622e+00 4.170884e+02 
 678 4.007808e+01 3.963870e+00 4.165990e+02 
 679 4.014014e+01 3.935323e+00 4.161098e+02 
 680 4.020220e+01 3.908572e+00 4.156220e+02 
 681 4.026426e+01 3.881820e+00 4.151343e+02 
 682 4.032633e+01 3.855068e+00 4.146466e+02 
 683 4.038839e+01 3.828317e+00 4.141588e+02 
 684 4.045045e+01 3.801565e+00 4.136711e+02 
 685 4.051251e+01 3.774814e+00 4.131833e+02 
 686 4.057457e+01 3.748062e+00 4.126956e+02 
 687 4.063664e+01 3.721310e+00 4.122079e+02 
 688 4.069870e+01 3.694559e+00 4.117201e+02 
 689 4.076076e+01 3.667807e+00 4.112324e+02 
 690 4.082282e+01 3.641055e+00 4.107446e+02 
 691 4.088488e+01 3.614304e+00 4.102569e+02 
 692 4.094695e+01 3.587552e+00 4.097692e+02 
 693 4.100901e+01 3.562006e+00 4.092825e+02 
 694 4.107107e+01 3.537168e+00 4.087965e+02 
 695 4.113313e+01 3.512329e+00 4.083105e+02 
 696 4.119520e+01 3.487491e+00 4.078244e+02 
 697 4.125726e+01 3.462653e+00 4.073384e+02 
 698 4.131932e+01 3.437814e+00 4.068524e+02 
 699 4.138138e+01 3.412976e+00 4.063663e+02 
 700 4.144344e+01 3.388138e+00 4.058803e+02 
 701 4.150551e+01 3.363300e+00 4.053943e+02 
 702 4.156757e+01 3.338461e+00 4.049083e+02 
 703 4.162963e+01 3.313623e+00 4.044222e+02 
 704 4.169169e+01 3.288785e+00 4.039362e+02 
 705 4.175375e+01 3.263946e+00 4.034502e+02 
 706 4.181582e+01 3.239396e+00 4.029644e+02 
 707 4.187788e+01 3.216385e+00 4.024802e+02 
 708 4.193994e+01 3.193373e+00 4.019960e+02 
 709 4.200200e+01 3.170361e+00 4.015118e+02 
 710 4.206406e+01 3.147350e+00 4.010275e+02 
 711 4.212613e+01 3.124338e+00 4.005433e+02 
 712 4.218819e+01 3.101327e+00 4.000591e+02 
 713 4.225025e+01 3.078315e+00 3.995749e+02 
 714 4.231231e+01 3.055303e+00 3.990907e+02 
 715 4.237437e+01 3.032292e+00 3.986064e+02 
 716 4.243644e+01 3.009280e+00 3.981222e+02 
 717 4.249850e+01 2.986268e+00 3.976380e+02 
 718 4.256056e+01 2.963257e+00 3.971538e+02 
 719 4.262262e+01 2.940245e+00 3.966695e+02 
 720 4.268468e+01 2.918427e+00 3.961866e+02 
 721 4.274675e+01 2.897155e+00 3.957043e+02 
 722 4.280881e+01 2.875884e+00 3.952219e+02 
 723 4.287087e+01 2.854613e+00 3.947396e+02 
 724 4.293293e+01 2.833341e+00 3.942573e+02 
 725 4.299499e+01 2.812070e+00 3.937749e+02 
 726 4.305706e+01 2.790799e+00 3.932926e+02 
 727 4.311912e+01 2.769528e+00 3.928103e+02 
 728 4.318118e+01 2.748256e+00 3.923279e+02 
 729 4.324324e+01 2.726985e+00 3.918456e+02 
 730 4.330531e+01 2.705714e+00 3.913632e+02 
 731 4.336737e+01 2.684442e+00 3.908809e+02 
 732 4.342943e+01 2.663171e+00 3.903986e+02 
 733 4.349149e+01 2.642253e+00 3.899167e+02 
 734 4.355355e+01 2.622636e+00 3.894363e+02 
 735 4.361562e+01 2.603019e+00 3.889559e+02 
 736 4.367768e+01 2.583402e+00 3.884756e+02 
 737 4.373974e+01 2.563785e+00 3.879952e+02 
 738 4.380180e+01 2.544168e+00 3.875149e+02 
 739 4.386386e+01 2.524552e+00 3.870345e+02 
 740 4.392593e+01 2.504935e+00 3.865542e+02 
 741 4.398799e+01 2.485318e+00 3.860738e+02 
 742 4.405005e+01 2.465701e+00 3.855934e+02 
 743 4.411211e+01 2.446084e+00 3.851131e+02 
 744 4.417417e+01 2.426467e+00 3.846327e+02 
 745 4.423624e+01 2.406850e+00 3.841524e+02 
 746 4.429830e+01 2.387234e+00 3.836720e+02 
 747 4.436036e+01 2.368779e+00 3.831932e+02 
 748 4.442242e+01 2.350732e+00 3.827149e+02 
 749 4.448448e+01 2.332684e+00 3.822366e+02 
 750 4.454655e+01 2.314636e+00 3.817583e+02 
 751 4.460861e+01 2.296588e+00 3.812800e+02 
 752 4.467067e+01 2.278541e+00 3.808017e+02 
 753 4.473273e+01 2.260493e+00 3.803234e+02 
 754 4.479479e+01 2.242445e+00 3.798451e+02 
 755 4.485686e+01 2.224397e+00 3.793668e+02 
 756 4.491892e+01 2.206350e+00 3.788885e+02 
 757 4.498098e+01 2.188302e+00 3.784102e+02 
 758 4.504304e+01 2.170254e+00 3.779320e+02 
 759 4.510511e+01 2.152206e+00 3.774537e+02 
 760 4.516717e+01 2.134557e+00 3.769759e+02 
 761 4.522923e+01 2.117994e+00 3.764998e+02 
 762 4.529129e+01 2.101431e+00 3.760237e+02 
 763 4.535335e+01 2.084868e+00 3.755475e+02 
 764 4.541542e+01 2.068305e+00 3.750714e+02 
 765 4.547748e+01 2.051742e+00 3.745952e+02 
 766 4.553954e+01 2.035178e+00 3.741191e+02 
 767 4.560160e+01 2.018615e+00 3.736430e+02 
 768 4.566366e+01 2.002052e+00 3.731668e+02 
 769 4.572573e+01 1.985489e+00 3.726907e+02 
 770 4.578779e+01 1.968926e+00 3.722145e+02 
 771 4.584985e+01 1.952363e+00 3.717384e+02 
 772 4.591191e+01 1.935800e+00 3.712623e+02 
 773 4.597397e+01 1.919236e+00 3.707861e+02 
 774 4.603604e+01 1.903789e+00 3.703118e+02 
 775 4.609810e+01 1.888627e+00 3.698379e+02 
 776 4.616016e+01 1.873465e+00 3.693640e+02 
 777 4.622222e+01 1.858302e+00 3.688901e+02 
 778 4.628428e+01 1.843140e+00 3.684162e+02 
 779 4.634635e+01 1.827978e+00 3.679423e+02 
 780 4.640841e+01 1.812816e+00 3.674684e+02 
 781 4.647047e+01 1.797654e+00 3.669945e+02 
 782 4.653253e+01 1.782492e+00 3.665206e+02 
 783 4.659459e+01 1.767330e+00 3.660467e+02 
 784 4.665666e+01 1.752168e+00 3.655728e+02 
 785 4.671872e+01 1.737006e+00 3.650989e+02 
 786 4.678078e+01 1.721844e+00 3.646250e+02 
 787 4.684284e+01 1.707109e+00 3.641518e+02 
 788 4.690490e+01 1.693265e+00 3.636802e+02 
 789 4.696697e+01 1.679422e+00 3.632087e+02 
 790 4.702903e+01 1.665579e+00 3.627371e+02 
 791 4.709109e+01 1.651735e+00 3.622655e+02 
 792 4.715315e+01 1.637892e+00 3.617940e+02 
 793 4.721522e+01 1.624049e+00 3.613224e+02 
 794 4.727728e+01 1.610205e+00 3.608508e+02 
 795 4.733934e+01 1.596362e+00 3.603792e+02 
 796 4.740140e+01 1.582518e+00 3.599077e+02 
 797 4.746346e+01 1.568675e+00 3.594361e+02 
 798 4.752553e+01 1.554832e+00 3.589645e+02 
 799 4.758759e+01 1.540988e+00 3.584929e+02 
 800 4.764965e+01 1.527145e+00 3.580214e+02 
 801 4.771171e+01 1.514356e+00 3.575519e+02 
 802 4.777377e+01 1.501750e+00 3.570827e+02 
 803 4.783584e+01 1.489145e+00 3.566135e+02 
 804 4.789790e+01 1.476539e+00 3.561444e+02 
 805 4.795996e+01 1.463934e+00 3.556752e+02 
 806 4.802202e+01 1.451329e+00 3.552061e+02 
 807 4.808408e+01 1.438723e+00 3.547369e+02 
 808 4.814615e+01 1.426118e+00 3.542678e+02 
 809 4.820821e+01 1.413512e+00 3.537986e+02 
 810 4.827027e+01 1.400907e+00 3.533295e+02 
 811 4.833233e+01 1.388301e+00 3.528603e+02 
 812 4.839439e+01 1.375696e+00 3.523911e+02 
 813 4.845646e+01 1.363090e+00 3.519220e+02 
 814 4.851852e+01 1.350924e+00 3.514538e+02 
 815 4.858058e+01 1.339477e+00 3.509871e+02 
 816 4.864264e+01 1.328031e+00 3.505205e+02 
 817 4.870470e+01 1.316584e+00 3.500538e+02 
 818 4.876677e+01 1.305137e+00 3.495872e+02 
 819 4.882883e+01 1.293690e+00 3.491205e+02 
 820 4.889089e+01 1.282244e+00 3.486539e+02 
 821 4.895295e+01 1.270797e+00 3.481872e+02 
 822 4.901502e+01 1.259350e+00 3.477206e+02 
 823 4.907708e+01 1.247903e+00 3.472539e+02 
 824 4.913914e+01 1.236457e+00 3.467872e+02 
 825 4.920120e+01 1.225010e+00 3.463206e+02 
 826 4.926326e+01 1.213563e+00 3.458539e+02 
 827 4.932533e+01 1.202116e+00 3.453873e+02 
 828 4.938739e+01 1.191650e+00 3.449230e+02 
 829 4.944945e+01 1.181285e+00 3.444589e+02 
 830 4.951151e+01 1.170920e+00 3.439949e+02 
 831 4.957357e+01 1.160554e+00 3.435308e+02 
 832 4.963564e+01 1.150189e+00 3.430667e+02 
 833 4.969770e+01 1.139824e+00 3.426027e+02 
 834 4.975976e+01 1.129458e+00 3.421386e+02 
 835 4.982182e+01 1.119093e+00 3.416746e+02 
 836 4.988388e+01 1.108728e+00 3.412105e+02 
 837 4.994595e+01 1.098362e+00 3.407464e+02 
 838 5.000801e+01 1.087997e+00 3.402824e+02 
 839 5.007007e+01 1.077632e+00 3.398183e+02 
 840 5.013213e+01 1.067266e+00 3.393543e+02 
 841 5.019419e+01 1.057339e+00 3.388915e+02 
 842 5.025626e+01 1.047983e+00 3.384303e+02 
 843 5.031832e+01 1.038626e+00 3.379692e+02 
 844 5.038038e+01 1.029269e+00 3.375081e+02 
 845 5.044244e+01 1.019912e+00 3.370469e+02 
 846 5.050450e+01 1.010556e+00 3.365858e+02 
 847 5.056657e+01 1.001199e+00 3.361247e+02 
 848 5.062863e+01 9.918422e-01 3.356635e+02 
 849 5.069069e+01 9.824854e-01 3.352024e+02 
 850 5.075275e+01 9.731286e-01 3.347412e+02 
 851 5.081481e+01 9.637719e-01 3.342801e+02 
 852 5.087688e+01 9.544151e-01 3.338190e+02 
 853 5.093894e+01 9.450584e-01 3.333578e+02 
 854 5.100100e+01 9.357016e-01 3.328967e+02 
 855 5.106306e+01 9.272507e-01 3.324392e+02 
 856 5.112513e+01 9.188352e-01 3.319819e+02 
 857 5.118719e+01 9.104198e-01 3.315245e+02 
 858 5.124925e+01 9.020044e-01 3.310672e+02 
 859 5.131131e+01 8.935890e-01 3.306098e+02 
 860 5.137337e+01 8.851736e-01 3.301525e+02 
 861 5.143544e+01 8.767582e-01 3.296952e+02 
 862 5.149750e+01 8.683428e-01 3.292378e+02 
 863 5.155956e+01 8.599273e-01 3.287805e+02 
 864 5.162162e+01 8.515119e-01 3.283231e+02 
 865 5.168368e+01 8.430965e-01 3.278658e+02 
 866 5.174575e+01 8.346811e-01 3.274085e+02 
 867 5.180781e+01 8.262657e-01 3.269511e+02 
 868 5.186987e+01 8.182785e-01 3.264961e+02 
 869 5.193193e+01 8.107373e-01 3.260435e+02 
 870 5.199399e+01 8.031961e-01 3.255909e+02 
 871 5.205606e+01 7.956548e-01 3.251383e+02 
 872 5.211812e+01 7.881136e-01 3.246857e+02 
 873 5.218018e+01 7.805723e-01 3.242331e+02 
 874 5.224224e+01 7.730311e-01 3.237805e+02 
 875 5.230430e+01 7.654898e-01 3.233279e+02 
 876 5.236637e+01 7.579486e-01 3.228753e+02 
 877 5.242843e+01 7.504074e-01 3.224227e+02 
 878 5.249049e+01 7.428661e-01 3.219701e+02 
 879 5.255255e+01 7.353249e-01 3.215175e+02 
 880 5.261461e+01 7.277836e-01 3.210649e+02 
 881 5.267668e+01 7.202566e-01 3.206124e+02 
 882 5.273874e+01 7.135226e-01 3.201655e+02 
 883 5.280080e+01 7.067886e-01 3.197186e+02 
 884 5.286286e+01 7.000547e-01 3.192716e+02 
 885 5.292492e+01 6.933207e-01 3.188247e+02 
 886 5.298699e+01 6.865867e-01 3.183778e+02 
 887 5.304905e+01 6.798527e-01 3.179309e+02 
 888 5.311111e+01 6.731188e-01 3.174840e+02 
 889 5.317317e+01 6.663848e-01 3.170371e+02 
 890 5.323524e+01 6.596508e-01 3.165901e+02 
 891 5.329730e+01 6.529168e-01 3.161432e+02 
 892 5.335936e+01 6.461829e-01 3.156963e+02 
 893 5.342142e+01 6.394489e-01 3.152494e+02 
 894 5.348348e+01 6.327149e-01 3.148025e+02 
 895 5.354555e+01 6.263852e-01 3.143592e+02 
 896 5.360761e+01 6.203928e-01 3.139189e+02 
 897 5.366967e+01 6.144004e-01 3.134786e+02 
 898 5.373173e+01 6.084079e-01 3.130383e+02 
 899 5.379379e+01 6.024155e-01 3.125980e+02 
 900 5.385586e+01 5.964230e-01 3.121578e+02 
 901 5.391792e+01 5.904306e-01 3.117175e+02 
 902 5.397998e+01 5.844381e-01 3.112772e+02 
 903 5.404204e+01 5.784457e-01 3.108369e+02 
 904 5.410410e+01 5.724532e-01 3.103966e+02 
 905 5.416617e+01 5.664608e-01 3.099563e+02 
 906 5.422823e+01 5.604683e-01 3.095161e+02 
 907 5.429029e+01 5.544759e-01 3.090758e+02 
 908 5.435235e+01 5.485329e-01 3.086360e+02 
 909 5.441441e+01 5.432181e-01 3.082033e+02 
 910 5.447648e+01 5.379034e-01 3.077706e+02 
 911 5.453854e+01 5.325886e-01 3.073379e+02 
 912 5.460060e+01 5.272739e-01 3.069052e+02 
 913 5.466266e+01 5.219592e-01 3.064725e+02 
 914 5.472472e+01 5.166444e-01 3.060398e+02 
 915 5.478679e+01 5.113297e-01 3.056071e+02 
 916 5.484885e+01 5.060150e-01 3.051744e+02 
 917 5.491091e+01 5.007002e-01 3.047417e+02 
 918 5.497297e+01 4.953855e-01 3.043089e+02 
 919 5.503504e+01 4.900707e-01 3.038762e+02 
 920 5.509710e+01 4.847560e-01 3.034435e+02 
 921 5.515916e+01 4.794413e-01 3.030108e+02 
 922 5.522122e+01 4.744967e-01 3.025832e+02 
 923 5.528328e+01 4.697984e-01 3.021590e+02 
 924 5.534535e+01 4.651001e-01 3.017348e+02 
 925 5.540741e+01 4.604017e-01 3.013107e+02 
 926 5.546947e+01 4.557034e-01 3.008865e+02 
 927 5.553153e+01 4.510050e-01 3.004623e+02 
 928 5.559359e+01 4.463067e-01 3.000381e+02 
 929 5.565566e+01 4.416083e-01 2.996139e+02 
 930 5.571772e+01 4.369100e-01 2.991897e+02 
 931 5.577978e+01 4.322117e-01 2.987655e+02 
 932 5.584184e+01 4.275133e-01 2.983413e+02 
 933 5.590390e+01 4.228150e-01 2.979172e+02 
 934 5.596597e+01 4.181166e-01 2.974930e+02 
 935 5.602803e+01 4.134899e-01 2.970700e+02 
 936 5.609009e+01 4.093496e-01 2.966553e+02 
 937 5.615215e+01 4.052093e-01 2.962405e+02 
 938 5.621421e+01 4.010690e-01 2.958258e+02 
 939 5.627628e+01 3.969287e-01 2.954111e+02 
 940 5.633834e+01 3.927884e-01 2.949964e+02 
 941 5.640040e+01 3.886481e-01 2.945817e+02 
 942 5.646246e+01 3.845078e-01 2.941669e+02 
 943 5.652452e+01 3.803675e-01 2.937522e+02 
 944 5.658659e+01 3.762273e-01 2.933375e+02 
 945 5.664865e+01 3.720870e-01 2.929228e+02 
 946 5.671071e+01 3.679467e-01 2.925080e+02 
 947 5.677277e+01 3.638064e-01 2.920933e+02 
 948 5.683483e+01 3.596661e-01 2.916786e+02 
 949 5.689690e+01 3.558557e-01 2.912707e+02 
 950 5.695896e+01 3.522184e-01 2.908664e+02 
 951 5.702102e+01 3.485811e-01 2.904621e+02 
 952 5.708308e+01 3.449439e-01 2.900578e+02 
 953 5.714515e+01 3.413066e-01 2.896534e+02 
 954 5.720721e+01 3.376693e-01 2.892491e+02 
 955 5.726927e+01 3.340320e-01 2.888448e+02 
 956 5.733133e+01 3.303947e-01 2.884405e+02 
 957 5.739339e+01 3.267574e-01 2.880362e+02 
 958 5.745546e+01 3.231201e-01 2.876319e+02 
 959 5.751752e+01 3.194828e-01 2.872276e+02 
 960 5.757958e+01 3.158455e-01 2.868233e+02 
 961 5.764164e+01 3.122082e-01 2.864190e+02 
 962 5.770370e+01 3.086538e-01 2.860167e+02 
 963 5.776577e+01 3.054680e-01 2.856238e+02 
 964 5.782783e+01 3.022821e-01 2.852308e+02 
 965 5.788989e+01 2.990963e-01 2.848379e+02 
 966 5.795195e+01 2.959105e-01 2.844449e+02 
 967 5.801401e+01 2.927246e-01 2.840519e+02 
 968 5.807608e+01 2.895388e-01 2.836590e+02 
 969 5.813814e+01 2.863529e-01 2.832660e+02 
 970 5.820020e+01 2.831671e-01 2.828731e+02 
 971 5.826226e+01 2.799813e-01 2.824801e+02 
 972 5.832432e+01 2.767954e-01 2.820872e+02 
 973 5.838639e+01 2.736096e-01 2.816942e+02 
 974 5.844845e+01 2.704237e-01 2.813012e+02 
 975 5.851051e+01 2.672379e-01 2.809083e+02 
 976 5.857257e+01 2.643391e-01 2.805241e+02 
 977 5.863463e+01 2.615568e-01 2.801434e+02 
 978 5.869670e+01 2.587745e-01 2.797628e+02 
 979 5.875876e+01 2.559922e-01 2.793821e+02 
 980 5.882082e+01 2.532099e-01 2.790015e+02 
 981 5.888288e+01 2.504277e-01 2.786208e+02 
 982 5.894494e+01 2.476454e-01 2.782401e+02 
 983 5.900701e+01 2.448631e-01 2.778595e+02 
 984 5.906907e+01 2.420808e-01 2.774788e+02 
 985 5.913113e+01 2.392985e-01 2.770982e+02 
 986 5.919319e+01 2.365162e-01 2.767175e+02 
 987 5.925526e+01 2.337339e-01 2.763369e+02 
 988 5.931732e+01 2.309516e-01 2.759562e+02 
 989 5.937938e+01 2.281693e-01 2.755756e+02 
 990 5.944144e+01 2.253870e-01 2.751949e+02 
 991 5.950350e+01 2.226047e-01 2.748142e+02 
 992 5.956557e+01 2.198224e-01 2.744336e+02 
 993 5.962763e+01 2.170402e-01 2.740529e+02 
 994 5.968969e+01 2.142579e-01 2.736723e+02 
 995 5.975175e+01 2.114756e-01 2.732916e+02 
 996 5.981381e+01 2.086933e-01 2.729110e+02 
 997 5.987588e+01 2.059110e-01 2.725303e+02 
 998 5.993794e+01 2.031287e-01 2.721497e+02 
 999 6.000000e+01 2.003464e-01 2.717690e+02 
